Values recorded at: 05-Dec-2012 21:21:59

       World	   Vehicles	      Items	  Particles	     Bounds	        HUD	

       9.947	      0.779	      0.000	      0.000	      0.014	      0.360	
      10.933	      0.778	      0.001	      0.000	      0.013	      0.381	
      10.253	      0.768	      0.000	      0.000	      0.013	      0.425	
      10.134	      1.029	      0.000	      0.000	      0.013	      0.534	
      10.554	      0.792	      0.000	      0.000	      0.013	      0.374	
      10.538	      0.779	      0.001	      0.000	      0.014	      0.369	
      11.050	      0.781	      0.000	      0.000	      0.015	      0.371	
       9.965	      0.862	      0.000	      0.000	      0.019	      0.436	
       9.853	      0.807	      0.000	      0.000	      0.013	      0.435	
      10.953	      0.780	      0.000	      0.000	      0.014	      0.384	
      10.658	      0.789	      0.000	      0.000	      0.014	      0.557	
      10.765	      0.976	      0.000	      0.000	      0.016	      0.447	
      10.440	      0.780	      0.000	      0.000	      0.014	      0.384	
      10.157	      0.852	      0.000	      0.000	      0.014	      0.374	
      11.842	      0.792	      0.000	      0.000	      0.014	      0.473	
      10.719	      0.776	      0.000	      0.000	      0.013	      0.374	
      10.282	      0.947	      0.001	      0.000	      0.014	      0.522	
      10.439	      0.800	      0.000	      0.000	      0.012	      0.370	
      10.424	      0.774	      0.000	      0.000	      0.015	      0.370	
      11.814	      0.773	      0.000	      0.000	      0.014	      0.477	
      11.303	      0.860	      0.000	      0.000	      0.014	      0.488	
      11.181	      1.150	      0.001	      0.000	      0.028	      0.566	
      11.104	      0.778	      0.001	      0.000	      0.014	      0.365	
      10.173	      0.773	      0.000	      0.000	      0.013	      0.482	
      11.394	      0.776	      0.000	      0.000	      0.014	      0.373	
      11.084	      0.994	      0.000	      0.000	      0.016	      0.407	
      10.425	      1.019	      0.000	      0.000	      0.014	      0.470	
      10.360	      0.766	      0.000	      0.000	      0.013	      0.372	
      10.128	      0.778	      0.000	      0.000	      0.013	      0.367	
      11.005	      0.777	      0.000	      0.000	      0.014	      0.375	
      11.129	      0.901	      0.000	      0.000	      0.020	      0.644	
      11.165	      0.819	      0.001	      0.000	      0.017	      0.668	
      10.353	      0.777	      0.000	      0.000	      0.013	      0.372	
      10.758	      0.788	      0.001	      0.000	      0.014	      0.484	
      11.682	      0.778	      0.000	      0.000	      0.013	      0.478	
       9.946	      0.926	      0.000	      0.000	      0.014	      0.405	
       9.923	      0.893	      0.000	      0.000	      0.015	      0.424	
      10.761	      0.760	      0.000	      0.000	      0.013	      0.369	
      10.495	      0.781	      0.137	      0.000	      0.018	      0.369	
      10.327	      1.238	      0.177	      0.000	      0.019	      0.441	
      11.262	      0.792	      0.130	      0.000	      0.021	      0.576	
      10.553	      0.806	      0.136	      0.000	      0.021	      0.626	
      10.533	      0.836	      0.132	      0.000	      0.018	      0.446	
      10.641	      0.829	      0.127	      0.000	      0.018	      0.467	
      11.468	      0.772	      0.128	      0.000	      0.018	      0.471	
      10.225	      0.808	      0.128	      0.000	      0.015	      0.367	
      10.161	      0.752	      0.124	      0.000	      0.018	      0.622	
      11.926	      0.839	      0.121	      0.000	      0.018	      0.597	
      10.288	      0.773	      0.128	      0.000	      0.019	      0.383	
      11.291	      0.773	      0.128	      0.000	      0.018	      0.369	
       9.977	      0.780	      0.134	      0.000	      0.018	      0.389	
      10.881	      0.786	      0.131	      0.000	      0.031	      0.631	
      12.030	      0.744	      0.157	      0.000	      0.018	      0.466	
      10.572	      0.767	      0.128	      0.000	      0.018	      0.464	
      11.225	      0.782	      0.130	      0.000	      0.018	      0.370	
      11.455	      0.862	      0.130	      0.000	      0.018	      0.585	
      11.858	      0.822	      0.129	      0.000	      0.018	      0.618	
      10.931	      0.797	      0.131	      0.000	      0.018	      0.375	
      10.355	      0.801	      0.146	      0.000	      0.017	      0.357	
      11.330	      0.768	      0.127	      0.000	      0.019	      0.369	
      10.561	      0.795	      0.130	      0.000	      0.025	      0.410	
      10.315	      0.965	      0.130	      0.000	      0.018	      0.387	
      10.321	      0.780	      0.129	      0.000	      0.027	      0.420	
       9.991	      0.767	      0.130	      0.000	      0.018	      0.374	
      10.332	      0.768	      0.128	      0.000	      0.018	      0.372	
      10.389	      0.775	      0.124	      0.000	      0.018	      0.357	
      10.363	      0.860	      0.219	      0.000	      0.020	      0.518	
      11.197	      0.766	      0.128	      0.000	      0.018	      0.375	
      10.381	      0.770	      0.130	      0.000	      0.018	      0.367	
      10.509	      1.616	      0.138	      0.000	      0.020	      0.379	
      10.157	      0.774	      0.130	      0.000	      0.018	      0.382	
      10.865	      0.776	      0.132	      0.000	      0.019	      0.423	
      10.857	      0.773	      0.129	      0.000	      0.018	      0.375	
      10.035	      0.971	      0.146	      0.000	      0.018	      0.402	
      11.461	      1.266	      0.133	      0.000	      0.020	      0.386	
      10.086	      0.766	      0.129	      0.000	      0.018	      0.364	
      11.359	      0.808	      0.129	      0.000	      0.019	      0.510	
      10.951	      0.771	      0.128	      0.000	      0.018	      0.365	
      10.709	      0.768	      0.133	      0.000	      0.018	      0.365	
      10.615	      0.859	      0.147	      0.000	      0.032	      0.680	
      10.192	      0.800	      0.130	      0.000	      0.018	      0.374	
       9.996	      0.768	      0.132	      0.000	      0.018	      0.367	
      12.025	      1.006	      0.131	      0.000	      0.060	      0.599	
      10.465	      0.913	      0.151	      0.000	      0.019	      0.363	
      10.687	      0.813	      0.138	      0.000	      0.018	      0.527	
      10.244	      0.793	      0.139	      0.000	      0.018	      0.380	
      10.565	      0.763	      0.135	      0.000	      0.018	      0.356	
      10.864	      0.864	      0.140	      0.000	      0.027	      0.521	
      10.020	      0.808	      0.136	      0.916	      0.019	      0.363	
      10.507	      0.823	      0.135	      1.032	      0.021	      0.384	
      10.423	      0.778	      0.122	      1.589	      0.018	      0.368	
      10.133	      0.800	      0.119	      1.982	      0.023	      0.395	
      10.859	      0.808	      0.124	      1.556	      0.018	      0.371	
      10.369	      0.783	      0.124	      1.600	      0.018	      0.365	
      10.372	      0.792	      0.124	      1.635	      0.042	      0.425	
      11.232	      0.806	      0.124	      2.165	      0.020	      0.379	
      10.957	      0.788	      0.124	      1.568	      0.019	      0.373	
      10.972	      0.771	      0.111	      3.170	      0.019	      0.456	
      11.309	      1.303	      0.166	      2.804	      0.019	      0.433	
      11.044	      1.236	      0.114	      2.360	      0.018	      0.404	
      10.470	      1.292	      0.112	      2.414	      0.042	      0.401	
      10.219	      0.777	      0.085	      3.945	      0.015	      0.402	
      10.274	      0.860	      0.089	      5.043	      0.021	      0.405	
      10.575	      0.773	      0.059	      5.600	      0.015	      0.427	
      11.458	      0.780	      0.059	      5.621	      0.017	      0.375	
      10.235	      0.905	      0.059	      5.807	      0.018	      0.414	
      11.036	      1.074	      0.061	      6.596	      0.015	      0.425	
      11.314	      0.890	      0.060	      6.957	      0.021	      0.449	
      10.690	      0.767	      0.032	      7.886	      0.018	      0.434	
      11.505	      0.889	      0.005	      9.552	      0.021	      0.414	
      11.680	      0.829	      0.005	      9.515	      0.027	      0.528	
      10.972	      0.821	      0.005	      9.377	      0.024	      0.445	
      11.423	      0.821	      0.014	      8.414	      0.015	      0.366	
      11.384	      0.797	      0.005	      8.756	      0.046	      0.491	
      10.989	      0.812	      0.005	      8.872	      0.022	      0.402	
      10.555	      0.780	      0.005	      7.749	      0.016	      0.369	
      11.535	      0.973	      0.009	      9.644	      0.020	      0.404	
      10.505	      0.793	      0.005	      9.703	      0.021	      0.402	
      10.098	      0.792	      0.005	      7.989	      0.021	      0.417	
      11.160	      0.825	      0.005	      7.880	      0.018	      0.401	
      10.857	      0.765	      0.005	      9.365	      0.022	      0.422	
      10.631	      0.774	      0.005	      9.065	      0.016	      0.471	
      10.690	      0.812	      0.005	      7.839	      0.017	      0.391	
      10.440	      1.118	      0.008	      7.905	      0.021	      0.416	
      10.050	      0.774	      0.005	      7.587	      0.022	      0.509	
       9.962	      0.919	      0.005	      7.510	      0.017	      0.426	
      11.091	      0.924	      0.009	      7.884	      0.020	      0.413	
      11.176	      0.839	      0.006	      7.709	      0.021	      0.428	
      10.977	      0.776	      0.005	      7.967	      0.017	      0.374	
      10.899	      0.770	      0.005	      7.270	      0.018	      0.423	
      11.012	      0.854	      0.005	      8.332	      0.023	      0.419	
      10.996	      0.759	      0.005	      8.493	      0.041	      0.485	
      11.107	      0.831	      0.005	      8.155	      0.016	      0.375	
      11.147	      0.787	      0.005	      7.298	      0.017	      0.388	
      11.292	      0.765	      0.006	      6.430	      0.028	      0.529	
      10.359	      1.065	      0.008	      6.698	      0.022	      0.424	
      11.102	      0.845	      0.005	      7.564	      0.021	      0.490	
      11.121	      0.788	      0.005	      5.984	      0.016	      0.381	
      11.179	      0.812	      0.005	      7.153	      0.018	      0.448	
      11.353	      1.402	      0.005	      6.376	      0.015	      0.441	
      10.775	      0.961	      0.005	      6.989	      0.021	      0.418	
      10.423	      0.802	      0.005	      5.932	      0.015	      0.452	
      11.208	      0.881	      0.005	      5.178	      0.022	      0.462	
      11.640	      0.776	      0.005	      4.453	      0.017	      0.413	
      10.724	      0.824	      0.005	      5.488	      0.029	      0.517	
      10.121	      0.795	      0.005	      4.864	      0.017	      0.454	
      11.606	      0.796	      0.006	      4.415	      0.016	      0.430	
      11.025	      0.809	      0.006	      4.616	      0.020	      0.502	
      10.077	      0.768	      0.006	      3.250	      0.017	      0.391	
      12.105	      0.776	      0.005	      3.647	      0.015	      0.434	
      10.116	      0.803	      0.004	      2.908	      0.028	      0.378	
      11.346	      0.739	      0.004	      3.120	      0.024	      0.513	
      10.916	      0.928	      0.004	      3.025	      0.017	      0.492	
      10.988	      0.908	      0.010	      2.715	      0.015	      0.428	
      11.451	      1.131	      0.009	      2.414	      0.017	      0.378	
      10.532	      0.776	      0.004	      2.081	      0.015	      0.430	
      11.565	      0.853	      0.005	      1.424	      0.017	      0.390	
      10.649	      0.777	      0.005	      1.223	      0.017	      0.401	
      10.807	      0.831	      0.004	      1.315	      0.018	      0.395	
      10.502	      0.868	      0.004	      0.955	      0.032	      0.414	
      10.080	      0.828	      0.005	      1.043	      0.018	      0.567	
      11.465	      0.942	      0.004	      0.655	      0.015	      0.378	
      10.957	      0.789	      0.004	      0.581	      0.015	      0.541	
      11.787	      0.880	      0.003	      0.485	      0.015	      0.487	
      11.699	      0.906	      0.003	      0.347	      0.015	      0.544	
      12.030	      1.101	      0.004	      0.345	      0.016	      0.551	
      11.154	      1.008	      0.003	      0.165	      0.014	      0.559	
      11.483	      1.098	      0.003	      0.107	      0.014	      0.706	
      10.993	      0.769	      0.003	      0.000	      0.014	      0.367	
      10.434	      0.770	      0.002	      0.000	      0.013	      0.369	
      10.994	      0.803	      0.000	      0.000	      0.010	      0.378	
      10.155	      0.914	      0.000	      0.000	      0.010	      0.406	
      10.103	      0.818	      0.000	      0.000	      0.010	      0.432	
      10.795	      0.773	      0.001	      0.000	      0.011	      0.358	
      10.159	      0.783	      0.000	      0.000	      0.010	      0.366	
      10.763	      0.776	      0.000	      0.000	      0.011	      0.376	
      10.183	      0.781	      0.000	      0.000	      0.010	      0.370	
      10.303	      0.749	      0.000	      0.000	      0.010	      0.418	
      10.966	      0.776	      0.000	      0.000	      0.010	      0.360	
      10.403	      0.998	      0.001	      0.000	      0.012	      0.679	
      10.249	      0.815	      0.000	      0.000	      0.010	      0.545	
      10.487	      0.780	      0.000	      0.000	      0.012	      0.438	
      10.189	      0.776	      0.000	      0.000	      0.010	      0.361	
      10.755	      0.775	      0.000	      0.000	      0.010	      0.366	
       9.980	      0.780	      0.000	      0.000	      0.010	      0.375	
      10.969	      0.899	      0.001	      0.000	      0.012	      0.641	
      11.057	      0.781	      0.000	      0.000	      0.010	      0.377	
      11.426	      0.751	      0.000	      0.000	      0.010	      0.497	
      11.586	      0.784	      0.000	      0.000	      0.020	      0.380	
      11.214	      0.865	      0.000	      0.000	      0.010	      0.609	
      11.334	      0.893	      0.001	      0.000	      0.010	      0.597	
      11.333	      0.798	      0.000	      0.000	      0.010	      0.367	
      10.845	      0.857	      0.001	      0.000	      0.012	      0.474	
      10.479	      0.774	      0.000	      0.000	      0.011	      0.380	
      10.114	      0.802	      0.000	      0.000	      0.011	      0.496	
      10.792	      1.031	      0.001	      0.000	      0.012	      0.420	
      10.638	      0.788	      0.000	      0.000	      0.010	      0.372	
      10.381	      0.774	      0.000	      0.000	      0.010	      0.364	
      10.901	      0.775	      0.000	      0.000	      0.010	      0.369	
      10.189	      0.780	      0.000	      0.000	      0.010	      0.369	
      10.311	      0.782	      0.001	      0.000	      0.015	      0.632	
      10.676	      0.779	      0.000	      0.000	      0.010	      0.378	
      10.494	      0.974	      0.000	      0.000	      0.012	      0.375	
      11.514	      1.199	      0.001	      0.000	      0.011	      0.473	
      11.096	      0.769	      0.000	      0.000	      0.010	      0.516	
      10.315	      0.876	      0.000	      0.000	      0.010	      0.641	
      11.796	      0.782	      0.000	      0.000	      0.010	      0.477	
      10.800	      0.781	      0.000	      0.000	      0.010	      0.482	
      11.538	      0.881	      0.001	      0.000	      0.010	      0.564	
      10.862	      0.904	      0.001	      0.000	      0.010	      0.372	
      10.564	      0.825	      0.000	      0.000	      0.010	      0.370	
      10.594	      0.770	      0.000	      0.000	      0.010	      0.380	
      10.285	      0.941	      0.000	      0.000	      0.010	      0.373	
      11.185	      0.789	      0.000	      0.000	      0.011	      0.489	
      10.187	      0.793	      0.000	      0.000	      0.010	      0.374	
      10.086	      0.814	      0.000	      0.000	      0.010	      0.368	
      10.908	      0.806	      0.000	      0.000	      0.010	      0.420	
      10.131	      1.017	      0.000	      0.000	      0.011	      0.366	
      11.157	      0.793	      0.000	      0.000	      0.012	      0.370	
      10.363	      0.833	      0.000	      0.000	      0.012	      0.377	
      10.327	      0.851	      0.000	      0.000	      0.011	      0.362	
      11.533	      0.839	      0.000	      0.000	      0.012	      0.375	
      10.824	      0.807	      0.000	      0.000	      0.011	      0.486	
      10.895	      0.974	      0.000	      0.000	      0.013	      0.380	
      10.901	      0.775	      0.000	      0.000	      0.014	      0.372	
      10.456	      0.806	      0.000	      0.000	      0.014	      0.493	
      11.454	      0.851	      0.001	      0.000	      0.052	      0.517	
      10.468	      0.783	      0.000	      0.000	      0.014	      0.368	
      10.828	      0.779	      0.001	      0.000	      0.014	      0.371	
      10.213	      0.777	      0.000	      0.000	      0.014	      0.417	
       9.947	      1.258	      0.000	      0.000	      0.017	      0.452	
      10.353	      0.774	      0.000	      0.000	      0.014	      0.377	
      10.592	      0.796	      0.000	      0.000	      0.014	      0.382	
      10.648	      0.785	      0.000	      0.000	      0.013	      0.434	
      10.103	      0.954	      0.000	      0.000	      0.014	      0.514	
      10.593	      0.773	      0.000	      0.000	      0.013	      0.405	
      11.900	      0.789	      0.000	      0.000	      0.015	      0.556	
      10.258	      0.836	      0.000	      0.000	      0.014	      0.547	
      11.095	      1.084	      0.001	      0.000	      0.036	      0.703	
      10.201	      0.856	      0.001	      0.000	      0.014	      0.405	
 