Values recorded at: 25-Nov-2012 19:44:13

       World	   Vehicles	      Items	  Particles	     Bounds	        HUD	

      11.699	      6.846	      0.000	      0.000	      0.015	      0.554	
      11.620	      6.798	      0.000	      0.000	      0.016	      0.560	
      11.699	      7.167	      0.001	      0.000	      0.015	      0.558	
      11.681	      6.826	      0.001	      0.000	      0.016	      0.547	
      11.563	      6.795	      0.001	      0.000	      0.015	      0.529	
      11.598	      7.141	      0.001	      0.000	      0.015	      0.550	
      11.636	      6.942	      0.000	      0.000	      0.016	      0.561	
      11.829	      6.945	      0.001	      0.000	      0.015	      0.532	
      11.617	      6.874	      0.001	      0.000	      0.015	      0.551	
      11.762	      7.072	      0.001	      0.000	      0.015	      0.555	
      11.766	      6.713	      0.000	      0.000	      0.018	      0.563	
      11.673	      6.561	      0.001	      0.000	      0.015	      0.551	
      11.598	      6.910	      0.001	      0.000	      0.015	      0.549	
      11.775	      6.894	      0.000	      0.000	      0.017	      0.552	
      11.776	      7.037	      0.000	      0.000	      0.016	      0.555	
      11.541	      6.848	      0.000	      0.000	      0.018	      0.556	
      11.702	      6.828	      0.000	      0.000	      0.016	      0.551	
      11.629	      6.885	      0.000	      0.000	      0.017	      0.562	
      11.529	      6.791	      0.001	      0.000	      0.015	      0.557	
      11.559	      6.833	      0.001	      0.000	      0.016	      0.530	
      11.855	      6.890	      0.001	      0.000	      0.016	      0.554	
      11.518	      6.768	      0.000	      0.000	      0.015	      0.546	
      11.753	      6.890	      0.001	      0.000	      0.015	      0.564	
      11.601	      6.907	      0.001	      0.000	      0.015	      0.545	
      11.603	      6.753	      0.001	      0.000	      0.017	      0.554	
      11.486	      6.506	      0.000	      0.000	      0.019	      0.552	
      11.699	      7.024	      0.000	      0.000	      0.019	      0.571	
      11.581	      6.764	      0.001	      0.000	      0.019	      0.566	
      11.676	      6.826	      0.000	      0.000	      0.015	      0.585	
      11.650	      6.694	      0.000	      0.000	      0.016	      0.548	
      11.492	      7.117	      0.000	      0.000	      0.016	      0.555	
      11.648	      6.843	      0.000	      0.000	      0.015	      0.549	
      11.553	      6.654	      0.001	      0.000	      0.017	      0.559	
      11.632	      6.930	      0.000	      0.000	      0.015	      0.558	
      11.554	      6.790	      0.000	      0.000	      0.017	      0.545	
      11.613	      7.072	      0.000	      0.000	      0.016	      0.556	
      11.654	      6.819	      0.000	      0.000	      0.015	      0.561	
      11.647	      6.942	      0.000	      0.000	      0.015	      0.560	
      11.664	      6.832	      0.000	      0.000	      0.016	      0.557	
      11.595	      6.448	      0.000	      0.000	      0.015	      0.529	
      11.679	      6.884	      0.000	      0.000	      0.016	      0.548	
      11.580	      6.913	      0.001	      0.000	      0.016	      0.555	
      11.580	      6.831	      0.000	      0.000	      0.015	      0.561	
      11.572	      6.685	      0.000	      0.000	      0.015	      0.559	
      11.667	      6.730	      0.001	      0.000	      0.018	      0.573	
      11.661	      6.860	      0.000	      0.000	      0.015	      0.547	
      11.684	      6.821	      0.000	      0.000	      0.016	      0.571	
      11.762	      7.137	      0.000	      0.000	      0.016	      0.560	
      11.864	      7.140	      0.000	      0.000	      0.018	      0.542	
      11.523	      6.975	      0.000	      0.000	      0.016	      0.585	
      12.135	      7.082	      0.000	      0.000	      0.015	      0.604	
      11.457	      6.854	      0.000	      0.000	      0.016	      0.561	
      11.503	      6.757	      0.000	      0.000	      0.017	      0.541	
      11.838	      6.987	      0.000	      0.000	      0.016	      0.566	
      11.666	      6.884	      0.000	      0.000	      0.016	      0.533	
      11.602	      6.813	      0.001	      0.000	      0.015	      0.544	
      11.752	      7.247	      0.001	      0.001	      0.017	      0.555	
      11.639	      6.734	      0.001	      0.000	      0.016	      0.548	
      11.705	      7.166	      0.000	      0.000	      0.015	      0.595	
      11.663	      6.818	      0.000	      0.000	      0.015	      0.603	
      11.769	      6.962	      0.000	      0.000	      0.017	      0.561	
      11.781	      6.829	      0.000	      0.000	      0.015	      0.560	
      11.791	      6.890	      0.001	      0.000	      0.016	      0.695	
      11.672	      6.853	      0.000	      0.000	      0.016	      0.555	
      11.748	      6.762	      0.001	      0.000	      0.017	      0.563	
      11.588	      6.933	      0.000	      0.000	      0.016	      0.564	
      11.717	      6.868	      0.001	      0.000	      0.016	      0.556	
      11.721	      6.766	      0.000	      0.000	      0.015	      0.549	
      11.612	      6.841	      0.001	      0.000	      0.015	      0.600	
      11.594	      6.747	      0.000	      0.000	      0.017	      0.585	
      11.642	      6.983	      0.001	      0.000	      0.015	      0.554	
      11.595	      6.868	      0.000	      0.000	      0.014	      0.542	
      11.728	      7.237	      0.001	      0.000	      0.015	      1.023	
      11.921	      6.848	      0.001	      0.000	      0.017	      0.943	
      11.586	      6.610	      0.001	      0.000	      0.015	      0.930	
      11.694	      6.735	      0.001	      0.000	      0.016	      0.945	
      11.567	      6.776	      0.001	      0.000	      0.015	      0.921	
      11.939	      7.187	      0.001	      0.000	      0.015	      0.929	
      11.778	      6.590	      0.001	      0.001	      0.018	      0.947	
      11.635	      6.829	      0.001	      0.000	      0.017	      0.889	
      11.952	      6.933	      0.001	      0.000	      0.015	      0.814	
      11.714	      6.727	      0.001	      0.000	      0.015	      1.308	
      11.610	      7.440	      0.002	      0.000	      0.020	      0.839	
      11.788	      6.712	      0.001	      0.000	      0.016	      0.839	
      11.648	      6.897	      0.001	      0.000	      0.015	      0.809	
      11.660	      6.715	      0.001	      0.001	      0.016	      0.608	
      11.642	      6.858	      0.001	      0.000	      0.016	      0.605	
      11.745	      6.877	      0.001	      0.000	      0.017	      0.594	
      11.548	      6.937	      0.001	      0.000	      0.016	      0.574	
      11.720	      7.214	      0.001	      0.000	      0.015	      0.586	
      11.625	      6.846	      0.001	      0.000	      0.016	      0.587	
      11.682	      6.846	      0.001	      0.000	      0.015	      0.592	
      11.730	      6.656	      0.001	      0.000	      0.016	      0.564	
      11.669	      6.819	      0.001	      0.000	      0.016	      0.562	
      11.823	      7.083	      0.001	      0.001	      0.016	      0.669	
      11.802	      7.001	      0.001	      0.000	      0.016	      0.582	
      11.711	      6.960	      0.001	      0.001	      0.017	      0.589	
      11.633	      6.762	      0.001	      0.000	      0.018	      0.595	
      11.571	      6.971	      0.001	      0.000	      0.015	      0.605	
      11.541	      6.627	      0.001	      0.000	      0.014	      1.300	
      11.905	      7.083	      0.000	      0.000	      0.016	      0.597	
      11.669	      6.880	      0.001	      0.000	      0.016	      0.583	
      11.637	      6.771	      0.001	      0.000	      0.016	      0.588	
      11.605	      6.930	      0.001	      0.001	      0.015	      0.579	
      11.597	      6.782	      0.001	      0.001	      0.015	      0.574	
      11.711	      6.893	      0.000	      0.001	      0.015	      0.575	
      11.683	      6.843	      0.001	      0.000	      0.017	      0.585	
      11.746	      7.128	      0.001	      0.000	      0.015	      0.590	
      11.707	      6.855	      0.001	      0.000	      0.017	      0.589	
      11.720	      7.300	      0.001	      0.000	      0.015	      0.585	
      11.645	      6.777	      0.001	      0.000	      0.017	      0.566	
      11.591	      6.993	      0.001	      0.000	      0.016	      0.583	
      11.618	      6.872	      0.001	      0.000	      0.015	      0.576	
      11.647	      6.878	      0.001	      0.000	      0.018	      0.595	
      11.823	      7.219	      0.001	      0.000	      0.016	      0.591	
      11.715	      6.899	      0.001	      0.000	      0.017	      0.582	
      11.705	      6.842	      0.001	      0.000	      0.016	      0.572	
      11.781	      6.903	      0.001	      0.000	      0.017	      0.578	
      11.560	      6.778	      0.001	      0.000	      0.016	      0.572	
      11.636	      6.825	      0.000	      0.000	      0.015	      0.580	
      11.832	      6.913	      0.000	      0.000	      0.016	      0.591	
      11.739	      6.845	      0.001	      0.000	      0.015	      0.582	
      11.814	      6.845	      0.001	      0.000	      0.015	      0.585	
      11.797	      7.244	      0.001	      0.000	      0.016	      0.581	
      11.647	      6.856	      0.001	      0.000	      0.018	      0.587	
      11.403	      6.724	      0.001	      0.000	      0.015	      0.575	
      11.672	      6.803	      0.001	      0.000	      0.015	      0.579	
      11.577	      6.751	      0.001	      0.001	      0.015	      0.555	
      11.737	      6.980	      0.001	      0.000	      0.016	      0.616	
      11.668	      6.907	      0.001	      0.000	      0.016	      0.576	
      11.647	      6.787	      0.001	      0.000	      0.016	      0.594	
      11.861	      6.798	      0.001	      0.000	      0.016	      0.568	
      11.734	      7.109	      0.001	      0.000	      0.016	      0.590	
      11.837	      6.837	      0.001	      0.000	      0.020	      0.600	
      11.724	      6.744	      0.001	      0.000	      0.015	      0.551	
      11.651	      7.205	      0.001	      0.000	      0.015	      0.582	
      11.933	      7.087	      0.000	      0.000	      0.015	      0.554	
      11.625	      6.913	      0.001	      0.000	      0.015	      0.575	
      11.722	      6.896	      0.001	      0.000	      0.016	      0.657	
      11.666	      6.823	      0.000	      0.000	      0.016	      0.568	
      11.782	      7.022	      0.001	      0.000	      0.016	      0.587	
      11.968	      6.718	      0.001	      0.000	      0.015	      0.559	
      11.583	      6.976	      0.000	      0.000	      0.015	      0.575	
      11.545	      7.007	      0.001	      0.000	      0.016	      0.600	
      11.875	      6.998	      0.000	      0.000	      0.016	      0.603	
      11.713	      6.829	      0.000	      0.000	      0.015	      0.573	
      11.660	      6.861	      0.001	      0.000	      0.016	      0.570	
      11.876	      7.112	      0.000	      0.000	      0.017	      0.592	
      11.665	      6.712	      0.001	      0.000	      0.015	      0.572	
      11.674	      6.972	      0.001	      0.000	      0.015	      0.579	
      11.669	      6.890	      0.000	      0.000	      0.014	      0.575	
      11.666	      6.858	      0.001	      0.000	      0.015	      0.575	
      11.541	      6.862	      0.000	      0.000	      0.017	      0.662	
      11.663	      6.963	      0.001	      0.000	      0.020	      0.571	
      11.674	      6.894	      0.000	      0.000	      0.015	      0.613	
      11.634	      6.766	      0.001	      0.000	      0.015	      0.556	
      11.634	      6.891	      0.000	      0.000	      0.015	      0.563	
      11.811	      7.022	      0.001	      0.000	      0.015	      0.547	
      11.729	      6.819	      0.000	      0.000	      0.014	      0.550	
      11.668	      6.820	      0.001	      0.000	      0.015	      0.567	
      11.641	      6.729	      0.001	      0.000	      0.016	      0.570	
      11.647	      6.877	      0.001	      0.001	      0.017	      0.558	
      11.795	      6.629	      0.001	      0.000	      0.016	      0.554	
      11.681	      6.941	      0.000	      0.000	      0.015	      0.577	
      11.737	      7.306	      0.001	      0.000	      0.017	      0.564	
      11.748	      6.812	      0.001	      0.000	      0.018	      0.570	
      11.625	      6.826	      0.001	      0.000	      0.017	      0.567	
      11.688	      7.033	      0.001	      0.000	      0.016	      0.560	
      12.324	      6.792	      0.001	      0.000	      0.017	      0.559	
      11.669	      6.730	      0.001	      0.000	      0.016	      0.541	
      11.624	      6.923	      0.001	      0.001	      0.015	      0.558	
      11.614	      6.917	      0.001	      0.000	      0.017	      0.573	
      11.868	      7.077	      0.001	      0.000	      0.016	      0.561	
      11.694	      6.835	      0.001	      0.000	      0.015	      0.554	
      11.635	      6.930	      0.001	      0.000	      0.015	      0.563	
      11.775	      7.108	      0.001	      0.000	      0.015	      0.563	
      11.592	      6.452	      0.001	      0.000	      0.015	      0.536	
      11.746	      6.737	      0.001	      0.000	      0.016	      0.569	
      11.657	      6.851	      0.001	      0.000	      0.015	      0.551	
      11.917	      6.742	      0.001	      0.000	      0.016	      0.592	
      11.588	      6.725	      0.001	      0.000	      0.016	      0.547	
      11.536	      6.911	      0.000	      0.000	      0.016	      0.564	
      11.856	      7.300	      0.001	      0.000	      0.015	      0.565	
      12.067	      6.657	      0.001	      0.000	      0.015	      0.536	
      11.915	      6.814	      0.000	      0.000	      0.015	      0.564	
      11.683	      6.885	      0.001	      0.000	      0.017	      0.549	
      11.577	      6.821	      0.001	      0.000	      0.015	      0.551	
      11.848	      6.818	      0.000	      0.000	      0.015	      0.559	
      11.620	      7.131	      0.001	      0.000	      0.017	      0.564	
      11.807	      6.848	      0.001	      0.000	      0.016	      0.564	
      11.651	      6.821	      0.001	      0.000	      0.017	      0.564	
      11.656	      6.791	      0.001	      0.000	      0.015	      0.556	
      11.784	      6.809	      0.001	      0.000	      0.016	      0.532	
      11.651	      6.640	      0.001	      0.000	      0.018	      0.599	
      11.350	      6.451	      0.001	      0.000	      0.015	      0.545	
      11.715	      6.894	      0.001	      0.000	      0.016	      0.568	
      11.397	      6.493	      0.001	      0.000	      0.018	      0.551	
      11.657	      6.936	      0.001	      0.000	      0.015	      0.541	
      11.689	      6.689	      0.001	      0.000	      0.016	      0.563	
      11.645	      6.856	      0.001	      0.000	      0.017	      0.672	
      11.728	      7.182	      0.001	      0.000	      0.016	      0.564	
      11.577	      6.832	      0.000	      0.000	      0.015	      0.554	
      11.640	      6.825	      0.001	      0.000	      0.015	      0.552	
      11.823	      7.054	      0.001	      0.000	      0.015	      0.554	
      11.645	      7.010	      0.001	      0.000	      0.016	      0.538	
      11.751	      7.189	      0.001	      0.000	      0.015	      0.556	
      11.670	      7.172	      0.001	      0.000	      0.015	      0.549	
      11.632	      6.842	      0.001	      0.000	      0.016	      0.562	
      11.615	      6.868	      0.001	      0.000	      0.016	      0.556	
      11.795	      6.796	      0.001	      0.000	      0.016	      0.562	
      11.637	      6.889	      0.001	      0.000	      0.016	      0.556	
      11.637	      6.779	      0.001	      0.001	      0.016	      0.555	
      11.657	      6.812	      0.001	      0.000	      0.018	      0.564	
      11.528	      6.808	      0.001	      0.000	      0.015	      0.547	
      11.534	      6.839	      0.001	      0.000	      0.015	      0.561	
      11.561	      6.870	      0.001	      0.000	      0.018	      0.573	
      11.691	      6.936	      0.001	      0.000	      0.015	      0.560	
      11.580	      6.820	      0.001	      0.000	      0.016	      0.579	
      11.726	      6.688	      0.001	      0.000	      0.016	      0.541	
      11.687	      6.908	      0.001	      0.000	      0.016	      0.591	
      11.602	      6.901	      0.001	      0.000	      0.016	      0.536	
      11.633	      6.863	      0.001	      0.000	      0.015	      0.570	
      11.746	      7.074	      0.001	      0.000	      0.018	      0.562	
      11.703	      6.785	      0.001	      0.000	      0.015	      0.548	
      11.586	      6.733	      0.001	      0.000	      0.018	      0.568	
      11.649	      6.746	      0.001	      0.000	      0.015	      0.547	
      11.649	      6.888	      0.001	      0.000	      0.016	      0.533	
      11.667	      7.269	      0.001	      0.000	      0.016	      0.567	
      11.655	      6.840	      0.001	      0.000	      0.015	      0.553	
      11.546	      6.616	      0.001	      0.000	      0.018	      0.545	
      11.713	      6.866	      0.001	      0.000	      0.016	      0.548	
      11.738	      6.969	      0.001	      0.000	      0.016	      0.561	
      11.631	      6.738	      0.001	      0.000	      0.015	      0.561	
      11.670	      6.835	      0.001	      0.000	      0.015	      0.550	
      11.667	      6.836	      0.001	      0.000	      0.016	      0.542	
      11.582	      6.747	      0.001	      0.000	      0.015	      0.552	
      11.794	      6.673	      0.001	      0.000	      0.016	      0.575	
      11.693	      6.755	      0.001	      0.000	      0.016	      0.556	
      11.820	      7.284	      0.001	      0.000	      0.032	      0.549	
      11.537	      6.683	      0.000	      0.000	      0.016	      0.549	
 