Values recorded at: 01-May-2013 10:09:31

     Terrain	    Foliage	   Vehicles	      Items	  Particles	     Bounds	        HUD	

       1.450	      1.544	      0.838	      0.003	      0.107	      0.002	      0.346	

       1.227	      1.338	      0.705	      0.000	      0.080	      0.001	      0.304	
       1.219	      1.349	      0.696	      0.000	      0.080	      0.001	      0.283	
       1.230	      1.309	      0.681	      0.000	      0.077	      0.001	      0.282	
       1.232	      1.352	      0.698	      0.001	      0.080	      0.001	      0.289	
       1.193	      1.324	      0.681	      0.000	      0.077	      0.001	      0.279	
       1.258	      1.322	      0.697	      0.000	      0.077	      0.001	      0.289	
       1.211	      1.414	      0.701	      0.000	      0.080	      0.001	      0.289	
       1.235	      1.356	      0.706	      0.001	      0.080	      0.002	      0.295	
       1.248	      1.362	      0.695	      0.000	      0.079	      0.002	      0.291	
       1.202	      1.325	      0.677	      0.001	      0.078	      0.001	      0.288	
       1.513	      1.340	      0.696	      0.000	      0.080	      0.001	      0.283	
       1.273	      1.282	      0.912	      0.001	      0.081	      0.001	      0.287	
       1.232	      1.403	      0.750	      0.001	      0.094	      0.001	      0.289	
       1.214	      1.368	      0.679	      0.000	      0.075	      0.003	      0.379	
       1.237	      1.344	      0.693	      0.001	      0.078	      0.001	      0.313	
       1.218	      1.324	      0.739	      0.001	      0.083	      0.001	      0.285	
       1.252	      1.323	      0.701	      0.001	      0.078	      0.001	      0.286	
       1.214	      1.315	      0.684	      0.000	      0.077	      0.001	      0.276	
       1.249	      1.336	      0.703	      0.001	      0.080	      0.001	      0.276	
       1.220	      1.442	      0.721	      0.000	      0.080	      0.001	      0.293	
       1.243	      1.317	      0.706	      0.000	      0.082	      0.001	      0.283	
       1.232	      1.336	      0.700	      0.000	      0.082	      0.001	      0.295	
       1.237	      1.337	      0.697	      0.000	      0.081	      0.001	      0.276	
       1.225	      1.333	      0.685	      0.000	      0.077	      0.001	      0.287	
       1.269	      1.358	      0.694	      0.000	      0.078	      0.001	      0.283	
       1.264	      1.387	      0.722	      0.001	      0.083	      0.001	      0.281	
       1.267	      1.306	      0.721	      0.000	      0.085	      0.001	      0.279	
       1.598	      1.196	      0.945	      0.001	      0.083	      0.001	      0.287	
       1.253	      1.401	      0.716	      0.000	      0.082	      0.001	      0.289	
       1.263	      1.501	      0.695	      0.000	      0.080	      0.002	      0.292	
       1.282	      1.270	      0.919	      0.001	      0.069	      0.001	      0.379	
       1.222	      1.332	      0.726	      0.001	      0.076	      0.001	      0.287	
       1.230	      1.327	      0.715	      0.000	      0.074	      0.001	      0.286	
       1.252	      1.333	      0.701	      0.001	      0.078	      0.001	      0.286	
       1.247	      1.347	      0.694	      0.000	      0.074	      0.001	      0.287	
       1.261	      1.282	      0.752	      0.000	      0.081	      0.001	      0.278	
       1.259	      1.328	      0.751	      0.001	      0.091	      0.001	      0.285	
       1.226	      1.332	      0.679	      0.000	      0.083	      0.001	      0.288	
       1.236	      1.341	      0.719	      0.000	      0.078	      0.001	      0.291	
       1.230	      1.298	      0.724	      0.000	      0.080	      0.001	      0.280	
       1.220	      1.347	      0.724	      0.000	      0.077	      0.001	      0.289	
       1.221	      1.316	      0.741	      0.000	      0.089	      0.001	      0.285	
       1.411	      1.283	      0.712	      0.001	      0.121	      0.001	      0.291	
       1.290	      1.245	      0.841	      0.001	      0.139	      0.002	      0.292	
       1.285	      1.377	      0.727	      0.001	      0.079	      0.001	      0.287	
       1.254	      1.296	      0.727	      0.001	      0.076	      0.001	      0.389	
       1.275	      1.312	      0.723	      0.001	      0.077	      0.001	      0.285	
       1.308	      1.297	      0.733	      0.000	      0.077	      0.002	      0.288	
       1.256	      1.300	      0.742	      0.000	      0.082	      0.001	      0.283	
       1.187	      1.371	      0.697	      0.000	      0.080	      0.001	      0.280	
       1.264	      1.313	      0.763	      0.001	      0.084	      0.001	      0.292	
       1.254	      1.181	      0.602	      0.001	      0.085	      0.002	      0.303	
       1.279	      1.294	      0.738	      0.000	      0.077	      0.001	      0.278	
       1.258	      1.304	      0.730	      0.000	      0.079	      0.001	      0.294	
       1.245	      1.319	      0.737	      0.001	      0.081	      0.001	      0.291	
       1.244	      1.316	      0.717	      0.000	      0.080	      0.001	      0.295	
       1.488	      1.462	      0.684	      0.000	      0.083	      0.001	      0.296	
       1.267	      1.445	      0.722	      0.001	      0.083	      0.001	      0.292	
       1.283	      1.352	      0.701	      0.001	      0.079	      0.001	      0.292	
       1.275	      1.343	      0.706	      0.001	      0.079	      0.001	      0.282	
       1.301	      1.303	      0.730	      0.000	      0.093	      0.002	      0.289	
       1.263	      1.315	      0.717	      0.000	      0.083	      0.001	      0.288	
       1.320	      1.344	      0.735	      0.001	      0.083	      0.001	      0.289	
       1.261	      1.440	      0.701	      0.000	      0.077	      0.001	      0.285	
       1.250	      1.330	      0.676	      0.001	      0.076	      0.001	      0.282	
       1.309	      1.327	      0.695	      0.001	      0.080	      0.001	      0.287	
       1.252	      1.307	      0.702	      0.000	      0.088	      0.002	      0.289	
       1.301	      1.332	      0.697	      0.000	      0.086	      0.001	      0.286	
       1.272	      1.347	      0.699	      0.000	      0.080	      0.001	      0.296	
       1.261	      1.353	      0.701	      0.001	      0.081	      0.001	      0.288	
       1.558	      1.265	      0.799	      0.000	      0.080	      0.002	      0.291	
       1.294	      1.363	      0.711	      0.001	      0.084	      0.001	      0.292	
       1.255	      1.341	      0.701	      0.001	      0.086	      0.002	      0.297	
       1.256	      1.337	      0.698	      0.001	      0.084	      0.002	      0.285	
       1.358	      1.321	      0.728	      0.000	      0.076	      0.001	      0.289	
       1.241	      1.316	      0.706	      0.000	      0.080	      0.001	      0.286	
       1.322	      1.371	      0.726	      0.000	      0.087	      0.002	      0.289	
       1.264	      1.315	      0.702	      0.001	      0.082	      0.002	      0.283	
       1.283	      1.359	      0.704	      0.000	      0.080	      0.001	      0.282	
       1.271	      1.320	      0.698	      0.001	      0.079	      0.001	      0.289	
       1.320	      1.313	      0.703	      0.000	      0.082	      0.001	      0.287	
       1.304	      1.326	      0.690	      0.001	      0.077	      0.001	      0.290	
       1.340	      1.394	      0.682	      0.001	      0.083	      0.001	      0.288	
       1.206	      1.185	      0.593	      0.001	      0.084	      0.001	      0.289	
       1.265	      1.346	      0.693	      0.001	      0.085	      0.001	      0.288	
       2.855	      3.193	      1.568	      0.001	      0.170	      0.003	      0.714	
       2.846	      3.232	      1.574	      0.001	      0.168	      0.003	      0.710	
       2.808	      3.226	      1.647	      0.002	      0.170	      0.003	      0.715	
       2.812	      3.152	      1.577	      0.001	      0.173	      0.003	      0.771	
       1.236	      1.349	      0.689	      0.000	      0.079	      0.002	      0.277	
       1.254	      1.359	      0.695	      0.000	      0.080	      0.001	      0.278	
       1.561	      1.720	      0.943	      0.001	      0.145	      0.002	      0.383	
       1.590	      1.712	      0.937	      0.001	      0.143	      0.002	      0.400	
       1.596	      1.692	      0.940	      0.001	      0.145	      0.002	      0.382	
       1.595	      1.672	      0.934	      0.001	      0.144	      0.002	      0.383	
       1.584	      1.693	      0.964	      0.001	      0.144	      0.002	      0.386	
       1.565	      1.667	      0.932	      0.001	      0.138	      0.002	      0.383	
       1.569	      1.677	      0.936	      0.042	      0.101	      0.002	      0.387	
       1.566	      1.693	      0.940	      0.041	      0.103	      0.002	      0.388	
       1.567	      1.716	      0.927	      0.001	      0.144	      0.002	      0.389	
       1.830	      1.717	      0.944	      0.001	      0.097	      0.002	      0.394	
       1.583	      1.843	      0.883	      0.001	      0.188	      0.002	      0.393	
       1.574	      1.771	      0.930	      0.000	      0.140	      0.002	      0.391	
       1.589	      1.707	      0.939	      0.040	      0.100	      0.002	      0.396	
       1.554	      1.703	      0.929	      0.001	      0.141	      0.002	      0.399	
       1.567	      1.692	      0.924	      0.001	      0.143	      0.002	      0.384	
       1.574	      1.729	      0.936	      0.000	      0.142	      0.002	      0.393	
       1.566	      1.698	      0.933	      0.001	      0.140	      0.002	      0.384	
       1.564	      1.681	      0.875	      0.001	      0.144	      0.001	      0.383	
       1.587	      1.713	      0.945	      0.040	      0.101	      0.002	      0.384	
       1.591	      1.677	      0.928	      0.001	      0.143	      0.002	      0.384	
       1.568	      1.671	      0.927	      0.001	      0.147	      0.002	      0.390	
       1.560	      1.680	      0.929	      0.001	      0.141	      0.002	      0.386	
       1.561	      1.689	      0.926	      0.001	      0.144	      0.002	      0.388	
       1.787	      1.796	      0.926	      0.001	      0.140	      0.002	      0.386	
       1.575	      1.688	      1.103	      0.001	      0.097	      0.002	      0.388	
       1.579	      1.728	      0.883	      0.000	      0.146	      0.002	      0.390	
       1.607	      1.753	      0.988	      0.001	      0.096	      0.002	      0.390	
       1.568	      1.733	      0.937	      0.001	      0.152	      0.002	      0.451	
       1.584	      1.722	      0.995	      0.001	      0.098	      0.001	      0.401	
       1.583	      1.829	      0.926	      0.001	      0.140	      0.002	      0.389	
       1.573	      1.677	      0.934	      0.001	      0.146	      0.002	      0.388	
       1.580	      1.713	      0.942	      0.001	      0.144	      0.002	      0.386	
       1.559	      1.719	      1.074	      0.001	      0.097	      0.002	      0.388	
       1.586	      1.737	      0.927	      0.000	      0.144	      0.002	      0.429	
       1.560	      1.669	      0.933	      0.001	      0.140	      0.002	      0.385	
       1.586	      1.701	      0.931	      0.001	      0.146	      0.002	      0.385	
       1.552	      1.694	      0.933	      0.001	      0.141	      0.002	      0.385	
       2.065	      1.694	      0.947	      0.042	      0.101	      0.001	      0.392	
       1.660	      1.689	      1.079	      0.001	      0.096	      0.002	      0.393	
       1.591	      1.759	      1.000	      0.000	      0.094	      0.002	      0.388	
       1.591	      1.895	      0.995	      0.001	      0.101	      0.002	      0.390	
       1.554	      1.746	      0.925	      0.000	      0.140	      0.002	      0.431	
       1.573	      1.698	      1.008	      0.001	      0.101	      0.002	      0.405	
       1.573	      1.703	      0.921	      0.001	      0.141	      0.001	      0.384	
       1.569	      1.697	      0.932	      0.001	      0.141	      0.002	      0.386	
       1.572	      1.666	      0.932	      0.001	      0.139	      0.002	      0.384	
       1.594	      1.680	      0.939	      0.001	      0.103	      0.002	      0.384	
       1.592	      1.676	      0.932	      0.001	      0.148	      0.002	      0.384	
       1.600	      1.778	      0.936	      0.001	      0.139	      0.002	      0.385	
       1.578	      1.714	      0.935	      0.000	      0.139	      0.002	      0.387	
       1.570	      1.672	      0.932	      0.001	      0.147	      0.002	      0.386	
       1.561	      1.691	      0.928	      0.001	      0.142	      0.002	      0.386	
       1.795	      1.667	      0.942	      0.037	      0.101	      0.002	      0.390	
       1.642	      1.665	      1.038	      0.001	      0.101	      0.002	      0.388	
       1.565	      1.752	      0.991	      0.001	      0.100	      0.003	      0.388	
       1.573	      1.792	      0.937	      0.001	      0.143	      0.002	      0.390	
       1.571	      1.710	      0.928	      0.001	      0.143	      0.002	      0.493	
       1.511	      1.677	      0.933	      0.001	      0.145	      0.002	      0.406	
       1.567	      1.716	      0.975	      0.001	      0.101	      0.002	      0.385	
       1.568	      1.723	      0.928	      0.001	      0.141	      0.002	      0.384	
       1.574	      1.682	      0.933	      0.001	      0.139	      0.002	      0.386	
       1.600	      1.683	      1.016	      0.001	      0.099	      0.002	      0.385	
       1.567	      1.680	      0.925	      0.000	      0.142	      0.002	      0.384	
       1.598	      1.674	      0.923	      0.001	      0.142	      0.001	      0.384	
       1.552	      1.682	      0.924	      0.001	      0.141	      0.002	      0.383	
       1.569	      1.664	      0.929	      0.001	      0.145	      0.002	      0.389	
       1.556	      1.686	      0.927	      0.001	      0.143	      0.002	      0.386	
       1.751	      1.775	      0.936	      0.001	      0.141	      0.002	      0.389	
       1.693	      1.711	      0.885	      0.001	      0.146	      0.002	      0.387	
       1.539	      1.672	      1.037	      0.002	      0.192	      0.002	      0.390	
       1.613	      1.730	      0.933	      0.001	      0.139	      0.002	      0.394	
       1.606	      1.678	      0.950	      0.041	      0.102	      0.001	      0.384	
       1.562	      1.687	      0.929	      0.001	      0.140	      0.002	      0.382	
       1.602	      1.696	      0.977	      0.001	      0.100	      0.002	      0.384	
       1.596	      1.692	      0.928	      0.001	      0.144	      0.002	      0.387	
       1.588	      1.701	      0.927	      0.000	      0.147	      0.002	      0.387	
       1.603	      1.664	      0.934	      0.001	      0.101	      0.002	      0.394	
       1.589	      1.701	      0.924	      0.001	      0.140	      0.002	      0.383	
       1.556	      1.698	      0.929	      0.001	      0.140	      0.001	      0.389	
       1.563	      1.677	      0.990	      0.001	      0.098	      0.002	      0.393	
       1.547	      1.676	      1.020	      0.001	      0.098	      0.002	      0.386	
       1.840	      1.692	      0.934	      0.001	      0.141	      0.002	      0.388	
       1.682	      1.669	      1.060	      0.001	      0.096	      0.002	      0.390	
       1.578	      1.705	      0.943	      0.000	      0.266	      0.002	      0.389	
       1.586	      1.751	      0.936	      0.036	      0.104	      0.002	      0.392	
       1.572	      1.699	      0.924	      0.001	      0.141	      0.003	      0.492	
       1.587	      1.845	      0.984	      0.001	      0.099	      0.002	      0.389	
       1.547	      1.679	      0.933	      0.001	      0.142	      0.002	      0.384	
       1.556	      1.721	      0.926	      0.000	      0.143	      0.002	      0.384	
       1.562	      1.689	      0.945	      0.035	      0.101	      0.002	      0.386	
       1.574	      1.689	      0.942	      0.001	      0.139	      0.002	      0.381	
       1.565	      1.693	      0.934	      0.001	      0.143	      0.002	      0.382	
       1.563	      1.689	      0.942	      0.038	      0.102	      0.002	      0.385	
       1.557	      1.690	      0.932	      0.001	      0.144	      0.002	      0.384	
       1.559	      1.704	      0.929	      0.001	      0.142	      0.002	      0.389	
       1.557	      1.694	      0.928	      0.001	      0.148	      0.002	      0.385	
       1.837	      1.730	      0.940	      0.001	      0.142	      0.002	      0.393	
       1.594	      1.704	      1.074	      0.001	      0.097	      0.002	      0.392	
       1.572	      1.735	      0.950	      0.043	      0.107	      0.002	      0.397	
       1.607	      1.739	      1.028	      0.001	      0.097	      0.002	      0.389	
       1.557	      1.700	      0.932	      0.001	      0.143	      0.002	      0.465	
       1.575	      1.691	      0.936	      0.001	      0.148	      0.002	      0.402	
       1.575	      1.737	      0.920	      0.001	      0.144	      0.002	      0.386	
       1.566	      1.723	      0.931	      0.001	      0.145	      0.001	      0.387	
       1.589	      1.678	      0.941	      0.001	      0.145	      0.002	      0.385	
       1.587	      1.855	      0.933	      0.001	      0.145	      0.001	      0.387	
       1.569	      1.707	      0.931	      0.001	      0.140	      0.002	      0.386	
       1.573	      1.699	      0.927	      0.000	      0.148	      0.001	      0.386	
       1.578	      1.693	      0.937	      0.001	      0.145	      0.002	      0.387	
       1.595	      1.699	      1.024	      0.001	      0.095	      0.001	      0.384	
       1.542	      1.732	      0.931	      0.001	      0.142	      0.002	      0.387	
       1.576	      1.676	      1.032	      0.001	      0.144	      0.002	      0.391	
       1.578	      1.739	      0.902	      0.001	      0.143	      0.002	      0.392	
       1.566	      1.788	      0.925	      0.000	      0.141	      0.002	      0.388	
       1.539	      1.252	      0.672	      0.000	      0.091	      0.002	      0.311	
       1.238	      1.195	      0.607	      0.001	      0.083	      0.002	      0.309	
       1.235	      1.188	      0.595	      0.000	      0.081	      0.002	      0.307	
       1.338	      1.348	      0.718	      0.001	      0.090	      0.002	      0.304	
       1.326	      1.453	      0.701	      0.001	      0.087	      0.002	      0.307	
       1.276	      1.177	      0.608	      0.000	      0.087	      0.002	      0.303	
       1.212	      1.158	      0.590	      0.001	      0.078	      0.001	      0.291	
       1.323	      1.327	      0.685	      0.000	      0.080	      0.001	      0.284	
       1.288	      1.375	      0.699	      0.000	      0.080	      0.001	      0.301	
       1.245	      1.389	      0.690	      0.000	      0.086	      0.002	      0.306	
       1.225	      1.495	      0.693	      0.001	      0.086	      0.001	      0.295	
       1.265	      1.359	      0.780	      0.000	      0.084	      0.001	      0.293	
       1.252	      1.428	      0.721	      0.000	      0.076	      0.001	      0.301	
       1.234	      1.370	      0.697	      0.000	      0.076	      0.002	      0.290	
       1.245	      1.301	      0.752	      0.000	      0.086	      0.001	      0.289	
       1.228	      1.325	      0.685	      0.000	      0.078	      0.001	      0.287	
       1.325	      1.347	      0.692	      0.001	      0.080	      0.001	      0.287	
       1.261	      1.314	      0.695	      0.000	      0.079	      0.001	      0.284	
       1.263	      1.341	      0.698	      0.000	      0.078	      0.001	      0.282	
       1.232	      1.320	      0.678	      0.001	      0.076	      0.001	      0.289	
       1.249	      1.358	      0.704	      0.000	      0.086	      0.001	      0.289	
       1.241	      1.339	      0.700	      0.001	      0.086	      0.002	      0.294	
       1.244	      1.419	      0.706	      0.000	      0.080	      0.001	      0.285	
       1.241	      1.333	      0.709	      0.000	      0.084	      0.001	      0.278	
       1.303	      1.330	      0.679	      0.000	      0.078	      0.002	      0.284	
       1.294	      1.314	      0.747	      0.001	      0.092	      0.001	      0.285	
       1.213	      1.343	      0.694	      0.001	      0.077	      0.001	      0.284	
       1.266	      1.312	      0.707	      0.000	      0.085	      0.001	      0.287	
       1.322	      1.335	      0.706	      0.001	      0.083	      0.001	      0.281	
       1.270	      1.454	      0.731	      0.001	      0.095	      0.002	      0.284	
       1.235	      1.300	      0.726	      0.000	      0.082	      0.001	      0.286	
       1.319	      1.365	      0.700	      0.001	      0.088	      0.002	      0.304	
       1.261	      1.327	      0.695	      0.000	      0.079	      0.001	      0.289	
       1.202	      1.404	      0.708	      0.000	      0.083	      0.001	      0.298	
       1.218	      1.397	      0.691	      0.000	      0.077	      0.003	      0.306	
 