Values recorded at: 07-Apr-2013 17:47:10

   Collision	    Weather	Deformation	    Buffers	

       0.102	      0.000	      9.852	      0.000	
       0.103	      0.000	     10.336	      0.000	
       0.102	      0.000	     10.751	      0.000	
       0.104	      0.000	      9.335	      0.000	
       0.102	      0.000	     10.761	      0.000	
       0.102	      0.000	      9.901	      0.000	
       0.102	      0.000	      9.433	      0.000	
       0.105	      0.000	      9.781	      0.000	
       0.102	      0.000	      9.911	      0.000	
       0.102	      0.000	      9.927	      0.000	
       0.105	      0.000	      9.250	      0.000	
       0.103	      0.000	     11.650	      0.000	
       0.099	      0.000	      9.639	      0.000	
       0.103	      0.000	      9.838	      0.000	
       0.096	      0.000	     10.162	      0.000	
       0.102	      0.000	     10.307	      0.000	
       0.122	      0.000	     10.148	      0.000	
       0.102	      0.000	      9.188	      0.000	
       0.110	      0.000	      9.657	      0.000	
       0.106	      0.000	     10.377	      0.000	
       0.103	      0.000	     10.960	      0.000	
       0.121	      0.000	     10.052	      0.000	
       0.106	      0.000	     10.623	      0.000	
       0.105	      0.000	      9.901	      0.000	
       0.108	      0.000	      9.282	      0.000	
       0.103	      0.000	     10.086	      0.000	
       0.100	      0.000	      9.587	      0.000	
       0.102	      0.000	     10.226	      0.000	
       0.103	      0.000	     10.700	      0.000	
       0.107	      0.000	      9.495	      0.000	
       0.100	      0.000	      9.720	      0.000	
       0.102	      0.000	     10.715	      0.000	
       0.102	      0.000	      9.806	      0.000	
       0.103	      0.000	     10.037	      0.000	
       0.103	      0.000	     10.137	      0.000	
       0.106	      0.000	      9.818	      0.000	
       0.103	      0.000	     11.562	      0.000	
       0.143	      0.000	      9.480	      0.000	
       0.103	      0.000	     10.998	      0.000	
       0.103	      0.000	      9.780	      0.000	
       0.103	      0.000	      9.986	      0.000	
       0.107	      0.000	     10.596	      0.000	
       0.103	      0.000	      9.947	      0.000	
       0.102	      0.000	     10.202	      0.000	
       0.109	      0.000	     10.275	      0.000	
       0.102	      0.000	      9.569	      0.000	
       0.102	      0.000	      9.746	      0.000	
       0.103	      0.000	     10.625	      0.000	
       0.139	      0.000	      9.445	      0.000	
       0.103	      0.000	     10.162	      0.000	
       0.106	      0.000	      9.694	      0.000	
       0.100	      0.000	      9.867	      0.000	
       0.115	      0.000	     10.313	      0.000	
       0.105	      0.000	      9.882	      0.000	
       0.103	      0.000	     10.165	      0.000	
       0.130	      0.000	      9.719	      0.000	
       0.106	      0.000	     11.071	      0.000	
       0.106	      0.000	     10.282	      0.000	
       0.103	      0.000	     10.966	      0.000	
       0.103	      0.000	     10.056	      0.000	
       0.107	      0.000	     10.330	      0.000	
       0.105	      0.000	     10.910	      0.012	
       0.103	      0.000	      9.590	      0.000	
       0.105	      0.000	     10.062	      0.000	
       0.103	      0.000	     10.157	      0.000	
       0.102	      0.000	     10.434	      0.000	
       0.103	      0.000	     10.409	      0.000	
       0.105	      0.000	     11.660	      0.000	
       0.103	      0.000	      9.160	      0.000	
       0.102	      0.000	      9.533	      0.000	
       0.104	      0.000	     10.815	      0.000	
       0.102	      0.000	      9.096	      0.000	
       0.106	      0.000	     10.192	      0.000	
       0.103	      0.000	     11.374	      0.000	
       0.097	      0.000	     10.960	      0.000	
       0.102	      0.000	     10.253	      0.000	
       0.103	      0.000	     11.327	      0.000	
       0.102	      0.000	      9.265	      0.000	
       0.102	      0.000	     10.098	      0.000	
       0.103	      0.000	     10.451	      0.000	
       0.103	      0.000	      9.815	      0.000	
       0.115	      0.000	      9.525	      0.000	
       0.102	      0.000	     10.381	      0.000	
       0.103	      0.000	      9.980	      0.000	
       0.124	      0.000	     10.393	      0.000	
       0.110	      0.000	     10.833	      0.000	
       0.103	      0.000	      9.533	      0.000	
       0.105	      0.000	     10.094	      0.000	
       0.101	      0.000	     10.630	      0.000	
       0.105	      0.000	      9.602	      0.000	
       0.103	      0.000	     10.499	      0.000	
       0.105	      0.000	      9.639	      0.000	
       0.117	      0.000	     10.199	      0.000	
       0.102	      0.000	      9.708	      0.000	
       0.111	      0.000	     10.472	      0.000	
       0.102	      0.000	     10.117	      0.000	
       0.110	      0.000	     10.053	      0.000	
       0.100	      0.000	     11.039	      0.000	
       0.133	      0.000	     10.428	      0.000	
       0.103	      0.000	     12.127	      0.000	
       0.101	      0.000	      9.731	      0.000	
       0.135	      0.000	     10.668	      0.000	
       0.109	      0.000	      9.734	      0.000	
       0.104	      0.000	      9.652	      0.000	
       0.113	      0.000	     10.480	      0.000	
       0.102	      0.000	      9.886	      0.000	
       0.116	      0.000	      9.404	      0.000	
       0.106	      0.000	     10.739	      0.000	
       0.101	      0.000	     10.902	      0.000	
       0.106	      0.000	     10.446	      0.000	
       0.113	      0.000	     11.052	      0.000	
       0.103	      0.000	      9.108	      0.000	
       0.102	      0.000	      9.693	      0.000	
       0.101	      0.000	     10.563	      0.000	
       0.104	      0.000	     10.411	      0.000	
       0.095	      0.000	     11.922	      0.000	
       0.105	      0.000	      9.108	      0.000	
       0.119	      0.000	     11.105	      0.000	
       0.105	      0.000	      9.248	      0.000	
       0.112	      0.000	     10.556	      0.000	
       0.101	      0.000	      9.900	      0.000	
       0.095	      0.000	      9.821	      0.000	
       0.101	      0.000	     10.219	      0.000	
       0.115	      0.000	     10.825	      0.000	
       0.095	      0.000	     10.021	      0.000	
       0.101	      0.000	     11.224	      0.000	
       0.101	      0.000	     11.888	      0.000	
       0.115	      0.000	      9.931	      0.000	
       0.105	      0.000	     10.711	      0.000	
       0.097	      0.000	      9.924	      0.000	
       0.120	      0.000	     10.212	      0.000	
       0.100	      0.000	     10.754	      0.000	
       0.102	      0.000	     10.671	      0.000	
       0.101	      0.000	      9.951	      0.000	
       0.104	      0.000	     11.450	      0.000	
       0.111	      0.000	      9.414	      0.000	
       0.103	      0.000	      9.372	      0.000	
       0.103	      0.000	      9.365	      0.000	
       0.103	      0.000	      9.825	      0.000	
       0.099	      0.000	      9.615	      0.000	
       0.102	      0.000	     10.493	      0.000	
       0.103	      0.000	      8.983	      0.000	
       0.103	      0.000	      9.267	      0.000	
       0.119	      0.000	     11.388	      0.000	
       0.103	      0.000	     10.408	      0.000	
       0.105	      0.000	      9.365	      0.000	
       0.103	      0.000	     11.297	      0.000	
       0.103	      0.000	      9.872	      0.000	
       0.099	      0.000	      9.255	      0.000	
       0.104	      0.000	      9.564	      0.000	
       0.102	      0.000	     10.035	      0.000	
       0.101	      0.000	      9.419	      0.000	
       0.102	      0.000	     11.226	      0.000	
       0.105	      0.000	      9.787	      0.000	
       0.103	      0.000	      9.747	      0.000	
       0.099	      0.000	      8.965	      0.000	
       0.102	      0.000	     10.375	      0.000	
       0.131	      0.000	      9.427	      0.000	
       0.102	      0.000	      9.782	      0.000	
       0.110	      0.000	     10.342	      0.000	
       0.101	      0.000	      9.267	      0.000	
       0.102	      0.000	     11.050	      0.000	
       0.105	      0.000	      9.844	      0.000	
       0.103	      0.000	      9.579	      0.000	
       0.109	      0.000	      9.858	      0.000	
       0.102	      0.000	     10.210	      0.000	
       0.102	      0.000	      9.394	      0.000	
       0.109	      0.000	     11.093	      0.000	
       0.102	      0.000	      9.243	      0.000	
       0.108	      0.000	      9.743	      0.000	
       0.102	      0.000	     10.473	      0.000	
       0.097	      0.000	     10.151	      0.000	
       0.097	      0.000	      9.759	      0.000	
       0.104	      0.000	     10.275	      0.000	
       0.124	      0.000	      8.538	      0.000	
       0.102	      0.000	      9.835	      0.000	
       0.103	      0.000	     10.087	      0.000	
       0.105	      0.000	      9.273	      0.000	
       0.138	      0.000	      9.680	      0.000	
       0.113	      0.000	      8.895	      0.000	
       0.101	      0.000	     11.070	      0.000	
       0.103	      0.000	      9.901	      0.000	
       0.100	      0.000	      9.580	      0.000	
       0.102	      0.000	      9.481	      0.000	
       0.100	      0.000	      9.385	      0.000	
       0.102	      0.000	      9.681	      0.000	
       0.103	      0.000	      9.770	      0.000	
       0.096	      0.000	     10.568	      0.000	
       0.103	      0.000	      9.852	      0.000	
       0.115	      0.000	     10.597	      0.000	
       0.103	      0.000	      9.654	      0.000	
       0.106	      0.000	      9.273	      0.000	
       0.109	      0.000	     10.170	      0.000	
       0.097	      0.000	     10.520	      0.000	
       0.104	      0.000	      9.525	      0.000	
       0.103	      0.000	      9.909	      0.000	
       0.098	      0.000	     10.231	      0.000	
       0.105	      0.000	      9.365	      0.000	
       0.112	      0.000	      9.791	      0.000	
       0.099	      0.000	      9.934	      0.000	
       0.102	      0.000	      9.323	      0.000	
       0.103	      0.000	      9.776	      0.000	
       0.103	      0.000	      9.740	      0.000	
       0.103	      0.000	      8.709	      0.000	
       0.102	      0.000	      9.839	      0.000	
       0.107	      0.000	     10.100	      0.000	
       0.107	      0.000	      9.274	      0.000	
       0.113	      0.000	      9.931	      0.000	
       0.103	      0.000	     11.206	      0.000	
       0.103	      0.000	      9.131	      0.000	
       0.103	      0.000	      9.750	      0.000	
       0.114	      0.000	     10.214	      0.001	
       0.121	      0.000	      9.513	      0.000	
       0.113	      0.000	      9.614	      0.000	
       0.102	      0.000	      9.965	      0.000	
       0.099	      0.000	      9.688	      0.000	
       0.099	      0.000	      8.786	      0.000	
       0.115	      0.000	     10.386	      0.000	
       0.099	      0.000	      9.628	      0.000	
       0.099	      0.000	      8.978	      0.000	
       0.103	      0.000	      9.130	      0.000	
       0.100	      0.000	      9.084	      0.000	
       0.098	      0.000	      9.000	      0.000	
       0.169	      0.000	      9.856	      0.000	
       0.104	      0.000	      9.955	      0.000	
       0.097	      0.000	     10.054	      0.000	
       0.108	      0.000	     10.069	      0.000	
       0.102	      0.000	      9.796	      0.000	
       0.102	      0.000	     10.273	      0.000	
       0.103	      0.000	      9.494	      0.000	
       0.103	      0.000	     10.176	      0.000	
       0.103	      0.000	     10.012	      0.000	
       0.105	      0.000	      9.833	      0.000	
       0.100	      0.000	      9.355	      0.000	
       0.102	      0.000	     10.231	      0.000	
       0.103	      0.000	     11.432	      0.000	
       0.099	      0.000	      9.386	      0.000	
       0.127	      0.000	     10.212	      0.000	
       0.114	      0.000	     10.337	      0.000	
       0.095	      0.000	      9.354	      0.000	
 