Values recorded at: 09-Aug-2013 11:17:03

     Terrain	    Foliage	   Vehicles	      Items	  Particles	     Bounds	        HUD	

       0.510	      1.356	      0.808	      0.002	      0.003	      0.020	      0.337	

       0.420	      1.111	      0.712	      0.001	      0.003	      0.016	      0.297	
       0.842	      1.124	      1.500	      0.003	      0.002	      0.013	      0.258	
       0.313	      1.093	      0.530	      0.001	      0.003	      0.015	      0.272	
       0.842	      1.091	      1.516	      0.003	      0.002	      0.015	      0.291	
       0.322	      1.079	      0.519	      0.001	      0.001	      0.012	      0.233	
       0.422	      1.484	      0.686	      0.002	      0.003	      0.016	      0.358	
       1.062	      2.638	      1.576	      0.004	      0.005	      0.053	      0.642	
       0.853	      2.977	      1.446	      0.003	      0.007	      0.036	      0.642	
       0.339	      1.178	      0.516	      0.001	      0.002	      0.016	      0.312	
       0.718	      1.144	      0.651	      0.002	      0.002	      0.059	      0.343	
       0.492	      1.130	      0.845	      0.002	      0.002	      0.018	      0.345	
       0.302	      1.051	      0.548	      0.001	      0.002	      0.011	      0.246	
       0.319	      1.132	      0.537	      0.001	      0.002	      0.013	      0.395	
       0.434	      1.151	      0.561	      0.001	      0.002	      0.015	      0.322	
       0.861	      1.849	      1.354	      0.005	      0.006	      0.030	      0.653	
       0.321	      1.090	      0.525	      0.001	      0.002	      0.012	      0.237	
       0.838	      1.549	      1.767	      0.004	      0.004	      0.022	      0.356	
       0.585	      1.509	      0.921	      0.003	      0.003	      0.020	      0.393	
       0.964	      1.074	      1.365	      0.003	      0.003	      0.015	      0.275	
       0.334	      1.167	      0.536	      0.001	      0.001	      0.012	      0.308	
       0.958	      1.835	      1.207	      0.003	      0.003	      0.024	      0.424	
       0.598	      1.901	      1.148	      0.003	      0.003	      0.020	      0.407	
       0.859	      2.834	      1.468	      0.004	      0.007	      0.035	      0.710	
       0.354	      1.124	      0.583	      0.001	      0.001	      0.018	      0.363	
       0.354	      1.072	      0.558	      0.002	      0.002	      0.014	      0.263	
       0.315	      1.101	      0.547	      0.001	      0.003	      0.018	      0.302	
       0.323	      1.138	      0.542	      0.001	      0.003	      0.017	      0.398	
       0.325	      1.329	      0.522	      0.001	      0.001	      0.016	      0.476	
       0.490	      1.740	      0.898	      0.002	      0.003	      0.019	      0.414	
       0.536	      1.807	      0.892	      0.002	      0.003	      0.023	      0.393	
       1.234	      1.810	      1.039	      0.002	      0.004	      0.023	      0.408	
       0.870	      1.096	      1.501	      0.003	      0.002	      0.018	      0.319	
       0.883	      1.194	      1.408	      0.002	      0.003	      0.047	      0.493	
       0.821	      2.109	      1.554	      0.003	      0.006	      0.020	      0.331	
       0.458	      1.185	      0.903	      0.005	      0.003	      0.053	      0.438	
       0.306	      1.170	      0.569	      0.001	      0.003	      0.026	      0.352	
       0.790	      2.983	      1.302	      0.003	      0.006	      0.036	      0.650	
       0.292	      1.180	      0.520	      0.001	      0.002	      0.022	      0.294	
       0.910	      1.109	      1.153	      0.003	      0.003	      0.019	      0.326	
       0.424	      1.325	      0.724	      0.003	      0.003	      0.016	      0.354	
       0.297	      1.145	      0.619	      0.001	      0.002	      0.012	      0.239	
       0.357	      1.287	      0.529	      0.001	      0.002	      0.018	      0.278	
       0.281	      1.197	      0.535	      0.001	      0.003	      0.015	      0.263	
       0.809	      1.799	      1.341	      0.003	      0.005	      0.041	      0.547	
       0.326	      1.338	      0.542	      0.001	      0.001	      0.018	      0.265	
       0.377	      1.380	      0.680	      0.001	      0.002	      0.013	      0.249	
       0.329	      1.204	      0.598	      0.002	      0.003	      0.016	      0.428	
       0.352	      1.174	      0.703	      0.001	      0.003	      0.018	      0.281	
       0.876	      2.503	      1.484	      0.006	      0.004	      0.016	      0.325	
       0.293	      1.249	      0.523	      0.001	      0.005	      0.015	      0.298	
       0.784	      1.146	      1.460	      0.004	      0.003	      0.017	      0.279	
       0.312	      1.064	      0.517	      0.001	      0.001	      0.014	      0.400	
       0.684	      1.176	      0.937	      0.002	      0.003	      0.017	      0.273	
       0.302	      1.198	      0.671	      0.001	      0.001	      0.013	      0.252	
       0.519	      1.273	      0.549	      0.001	      0.002	      0.015	      0.322	
       0.759	      1.618	      1.541	      0.004	      0.008	      0.023	      0.374	
       0.428	      1.655	      0.721	      0.002	      0.003	      0.025	      0.468	
       0.414	      1.664	      0.723	      0.002	      0.003	      0.017	      0.334	
       0.765	      2.923	      1.780	      0.004	      0.008	      0.037	      0.728	
       0.317	      1.176	      0.575	      0.001	      0.002	      0.012	      0.464	
       0.835	      1.176	      1.471	      0.003	      0.003	      0.019	      0.298	
       0.373	      1.212	      0.793	      0.004	      0.001	      0.030	      0.479	
       0.297	      1.424	      0.525	      0.001	      0.002	      0.015	      0.264	
       0.307	      1.176	      0.571	      0.001	      0.001	      0.056	      0.715	
       0.313	      1.252	      0.524	      0.001	      0.001	      0.014	      0.335	
       0.974	      1.853	      1.519	      0.004	      0.005	      0.019	      0.289	
       0.297	      1.439	      0.516	      0.001	      0.003	      0.018	      0.357	
       1.104	      1.187	      1.625	      0.004	      0.003	      0.015	      0.259	
       0.297	      1.176	      0.584	      0.001	      0.002	      0.082	      0.267	
       0.289	      1.385	      0.661	      0.002	      0.003	      0.016	      0.267	
       0.811	      1.869	      1.495	      0.004	      0.006	      0.018	      0.287	
       0.347	      1.176	      0.746	      0.004	      0.002	      0.061	      0.369	
       0.308	      1.419	      0.501	      0.001	      0.002	      0.012	      0.300	
       0.294	      1.301	      0.514	      0.001	      0.003	      0.020	      0.348	
       0.368	      1.164	      0.728	      0.005	      0.002	      0.014	      0.257	
       0.818	      1.469	      1.496	      0.004	      0.003	      0.018	      0.405	
       0.295	      1.545	      0.517	      0.001	      0.002	      0.027	      0.447	
       0.300	      1.144	      0.529	      0.001	      0.002	      0.015	      0.284	
       0.340	      1.167	      0.880	      0.002	      0.001	      0.014	      0.248	
       0.310	      1.121	      0.605	      0.002	      0.003	      0.015	      0.269	
       0.310	      1.346	      0.682	      0.001	      0.008	      0.018	      0.281	
       0.342	      1.220	      1.013	      0.003	      0.002	      0.013	      0.244	
       0.897	      1.240	      1.494	      0.004	      0.003	      0.033	      0.391	
       0.296	      1.349	      0.572	      0.001	      0.003	      0.016	      0.262	
       0.301	      1.156	      0.532	      0.001	      0.003	      0.018	      0.603	
       0.904	      2.643	      1.537	      0.002	      0.005	      0.021	      0.437	
       0.454	      1.844	      0.812	      0.002	      0.005	      0.020	      0.380	
       0.514	      1.763	      0.904	      0.003	      0.003	      0.020	      0.441	
       0.813	      1.229	      0.976	      0.002	      0.003	      0.020	      0.301	
       0.307	      1.339	      0.586	      0.001	      0.002	      0.013	      0.297	
       0.864	      2.253	      1.675	      0.004	      0.004	      0.012	      0.306	
       0.302	      1.089	      0.502	      0.001	      0.001	      0.013	      0.253	
       0.836	      1.112	      1.462	      0.002	      0.004	      0.018	      0.306	
       0.516	      1.196	      0.638	      0.001	      0.003	      0.015	      0.263	
       0.284	      1.588	      0.517	      0.001	      0.002	      0.019	      0.290	
       1.181	      2.697	      1.682	      0.004	      0.005	      0.038	      0.299	
       0.323	      1.478	      0.670	      0.001	      0.002	      0.034	      0.409	
       0.824	      1.102	      1.427	      0.003	      0.002	      0.014	      0.268	
       0.298	      1.198	      0.638	      0.002	      0.002	      0.014	      0.292	
       0.298	      1.359	      0.486	      0.001	      0.002	      0.011	      0.278	
       0.843	      2.822	      1.686	      0.004	      0.008	      0.019	      0.357	
       0.457	      1.179	      0.586	      0.002	      0.002	      0.043	      0.485	
       0.770	      1.129	      1.429	      0.003	      0.003	      0.018	      0.284	
       0.293	      1.169	      0.552	      0.001	      0.002	      0.015	      0.299	
       0.303	      1.430	      0.532	      0.001	      0.002	      0.044	      0.465	
       0.348	      1.211	      0.574	      0.001	      0.001	      0.014	      0.256	
       0.429	      1.192	      0.649	      0.002	      0.003	      0.014	      0.269	
       0.922	      1.125	      1.531	      0.003	      0.005	      0.014	      0.263	
       0.692	      1.127	      0.860	      0.001	      0.001	      0.012	      0.262	
       0.485	      1.386	      0.721	      0.002	      0.002	      0.092	      0.416	
       0.969	      3.003	      1.087	      0.004	      0.004	      0.037	      0.653	
       0.312	      1.173	      0.527	      0.001	      0.001	      0.014	      0.264	
       0.922	      1.117	      1.413	      0.003	      0.002	      0.016	      0.291	
       0.782	      1.229	      0.623	      0.001	      0.002	      0.015	      0.364	
       0.488	      1.278	      0.636	      0.002	      0.005	      0.017	      0.267	
       0.756	      2.906	      1.680	      0.003	      0.005	      0.043	      0.550	
       0.358	      1.152	      0.644	      0.003	      0.002	      0.021	      0.345	
       0.863	      1.165	      1.495	      0.004	      0.004	      0.021	      0.503	
       0.304	      1.140	      0.598	      0.001	      0.003	      0.035	      0.318	
       0.901	      1.143	      0.716	      0.002	      0.001	      0.012	      0.251	
       0.291	      1.243	      0.495	      0.001	      0.001	      0.012	      0.254	
       0.298	      1.132	      0.514	      0.001	      0.004	      0.018	      0.280	
       0.307	      1.080	      0.513	      0.001	      0.001	      0.013	      0.296	
       0.310	      1.189	      0.735	      0.001	      0.004	      0.015	      0.266	
       0.340	      1.147	      0.585	      0.001	      0.001	      0.012	      0.242	
       0.382	      1.167	      0.671	      0.001	      0.001	      0.017	      0.291	
       0.325	      1.219	      0.517	      0.001	      0.002	      0.015	      0.260	
       0.698	      1.325	      0.647	      0.001	      0.002	      0.020	      0.330	
       0.432	      1.226	      0.567	      0.002	      0.002	      0.015	      0.259	
       0.326	      1.313	      0.520	      0.001	      0.003	      0.015	      0.265	
       0.852	      1.111	      0.873	      0.002	      0.001	      0.015	      0.273	
       0.330	      1.085	      0.499	      0.001	      0.001	      0.017	      0.312	
       0.323	      1.303	      0.514	      0.001	      0.003	      0.022	      0.388	
       0.405	      1.285	      0.544	      0.001	      0.013	      0.017	      0.271	
       0.369	      1.111	      0.650	      0.002	      0.003	      0.017	      0.299	
       0.321	      1.266	      0.557	      0.001	      0.001	      0.041	      0.461	
       0.340	      1.212	      0.558	      0.001	      0.002	      0.013	      0.247	
       0.381	      1.179	      0.595	      0.002	      0.003	      0.018	      0.303	
       0.342	      1.294	      0.530	      0.001	      0.001	      0.014	      0.265	
       0.332	      1.222	      0.570	      0.002	      0.002	      0.016	      0.322	
       0.355	      1.236	      0.612	      0.002	      0.003	      0.018	      0.300	
       0.366	      1.241	      0.529	      0.001	      0.001	      0.014	      0.262	
       0.469	      1.118	      0.542	      0.001	      0.002	      0.014	      0.295	
       0.385	      1.119	      0.688	      0.002	      0.003	      0.018	      0.306	
       0.508	      1.166	      0.597	      0.002	      0.001	      0.015	      0.269	
       0.310	      1.201	      0.500	      0.001	      0.002	      0.013	      0.328	
       0.415	      1.515	      0.522	      0.001	      0.003	      0.018	      0.282	
       0.974	      1.087	      0.837	      0.001	      0.001	      0.010	      0.260	
       0.325	      1.156	      0.521	      0.001	      0.002	      0.014	      0.290	
       0.341	      1.187	      0.541	      0.001	      0.002	      0.018	      0.309	
       0.358	      1.090	      0.777	      0.001	      0.002	      0.013	      0.243	
       0.328	      1.242	      0.552	      0.001	      0.003	      0.016	      0.281	
       0.334	      1.501	      0.511	      0.001	      0.003	      0.020	      0.289	
       0.362	      1.136	      0.821	      0.003	      0.002	      0.014	      0.253	
       0.325	      1.275	      0.550	      0.001	      0.002	      0.017	      0.349	
       0.331	      1.324	      0.522	      0.001	      0.001	      0.018	      0.300	
       0.594	      1.087	      0.574	      0.002	      0.003	      0.014	      0.270	
       0.339	      1.256	      0.568	      0.002	      0.003	      0.027	      0.420	
       0.333	      1.319	      0.602	      0.002	      0.002	      0.018	      0.275	
       0.355	      1.267	      0.620	      0.003	      0.003	      0.016	      0.298	
       0.337	      1.139	      0.521	      0.001	      0.002	      0.018	      0.283	
       0.377	      1.222	      0.566	      0.001	      0.003	      0.036	      0.380	
       0.338	      1.088	      0.792	      0.003	      0.003	      0.018	      0.308	
       0.337	      1.169	      0.532	      0.001	      0.002	      0.014	      0.253	
       0.347	      1.132	      0.552	      0.001	      0.002	      0.013	      0.258	
       0.328	      1.134	      0.548	      0.001	      0.001	      0.011	      0.259	
       0.317	      1.138	      0.511	      0.001	      0.001	      0.015	      0.263	
       0.388	      1.089	      0.705	      0.002	      0.002	      0.015	      0.271	
       0.383	      1.132	      0.582	      0.002	      0.003	      0.018	      0.310	
       0.429	      1.205	      0.600	      0.002	      0.002	      0.013	      0.249	
       0.322	      1.202	      0.515	      0.001	      0.002	      0.013	      0.249	
       0.323	      1.131	      0.516	      0.001	      0.002	      0.012	      0.266	
       0.314	      1.096	      0.617	      0.001	      0.001	      0.013	      0.247	
       0.321	      1.157	      0.552	      0.001	      0.003	      0.014	      0.288	
       0.343	      1.381	      0.517	      0.001	      0.003	      0.019	      0.284	
       0.414	      1.072	      0.816	      0.003	      0.002	      0.015	      0.271	
       0.349	      1.157	      0.548	      0.001	      0.005	      0.016	      0.300	
       0.519	      1.197	      0.536	      0.001	      0.001	      0.012	      0.236	
       0.352	      1.093	      0.572	      0.002	      0.002	      0.015	      0.269	
       0.499	      1.155	      0.556	      0.001	      0.002	      0.018	      0.310	
       0.340	      1.317	      0.580	      0.001	      0.006	      0.018	      0.440	
       0.337	      1.217	      0.907	      0.002	      0.003	      0.015	      0.269	
       0.321	      1.293	      0.518	      0.001	      0.002	      0.015	      0.390	
       0.357	      1.256	      0.606	      0.002	      0.001	      0.018	      0.276	
       0.314	      1.338	      0.500	      0.001	      0.002	      0.016	      0.274	
       0.362	      1.284	      0.544	      0.001	      0.003	      0.019	      0.309	
       0.400	      1.290	      0.673	      0.003	      0.003	      0.018	      0.284	
       0.361	      1.176	      0.580	      0.002	      0.003	      0.017	      0.294	
       0.322	      1.266	      0.524	      0.001	      0.002	      0.018	      0.547	
       0.347	      1.198	      0.567	      0.001	      0.002	      0.013	      0.250	
       0.322	      1.139	      0.525	      0.001	      0.001	      0.012	      0.273	
       0.304	      1.388	      0.539	      0.001	      0.003	      0.020	      0.283	
       0.348	      1.117	      0.613	      0.002	      0.001	      0.014	      0.282	
       0.300	      1.108	      0.608	      0.002	      0.001	      0.017	      0.311	
       0.405	      1.427	      0.777	      0.002	      0.002	      0.017	      0.393	
       0.409	      1.581	      0.871	      0.002	      0.003	      0.019	      0.369	
       0.895	      1.137	      1.429	      0.003	      0.001	      0.012	      0.246	
       0.629	      1.072	      0.611	      0.002	      0.003	      0.016	      0.286	
       0.770	      1.838	      1.375	      0.003	      0.004	      0.017	      0.357	
       0.304	      1.124	      0.502	      0.001	      0.002	      0.015	      0.292	
       0.904	      1.132	      0.651	      0.002	      0.001	      0.013	      0.283	
       0.338	      1.157	      0.562	      0.001	      0.002	      0.015	      0.293	
       0.320	      1.139	      0.513	      0.001	      0.003	      0.016	      0.272	
       0.995	      1.077	      0.899	      0.002	      0.004	      0.018	      0.314	
       0.782	      1.251	      0.772	      0.002	      0.003	      0.015	      0.386	
       0.771	      1.063	      1.408	      0.003	      0.002	      0.013	      0.254	
       0.862	      1.229	      1.449	      0.005	      0.003	      0.029	      0.430	
       0.825	      1.681	      1.710	      0.004	      0.006	      0.049	      0.325	
       0.318	      1.072	      0.513	      0.001	      0.001	      0.014	      0.265	
       0.294	      1.211	      0.880	      0.001	      0.002	      0.017	      0.281	
       0.271	      1.248	      0.661	      0.001	      0.001	      0.012	      0.243	
       0.356	      1.325	      0.529	      0.001	      0.005	      0.017	      0.269	
       0.691	      2.332	      1.244	      0.003	      0.004	      0.024	      0.486	
       0.597	      2.183	      1.192	      0.003	      0.008	      0.029	      0.537	
       0.545	      1.312	      0.947	      0.002	      0.005	      0.016	      0.285	
       0.328	      1.090	      0.551	      0.001	      0.003	      0.017	      0.273	
       0.770	      1.072	      1.432	      0.003	      0.003	      0.018	      0.303	
       0.838	      1.188	      1.433	      0.003	      0.002	      0.017	      0.315	
       1.146	      1.252	      0.739	      0.003	      0.001	      0.015	      0.301	
       0.349	      1.073	      0.570	      0.001	      0.002	      0.014	      0.259	
       2.092	      1.099	      0.925	      0.001	      0.002	      0.012	      0.336	
       0.341	      1.153	      0.550	      0.001	      0.002	      0.013	      0.260	
       0.377	      1.106	      0.544	      0.001	      0.003	      0.018	      0.282	
       0.343	      1.184	      0.528	      0.001	      0.001	      0.018	      0.327	
       0.833	      2.321	      1.444	      0.003	      0.005	      0.033	      0.579	
       0.734	      1.144	      1.274	      0.003	      0.004	      0.018	      0.290	
       0.335	      1.168	      0.580	      0.001	      0.001	      0.013	      0.299	
       1.006	      1.371	      1.597	      0.004	      0.003	      0.019	      0.291	
       0.300	      1.174	      0.511	      0.001	      0.003	      0.023	      0.256	
       0.874	      2.038	      1.433	      0.003	      0.004	      0.020	      0.433	
       0.686	      2.121	      1.054	      0.002	      0.003	      0.025	      0.426	
       0.873	      2.418	      1.464	      0.004	      0.005	      0.045	      0.820	
       0.340	      1.199	      0.515	      0.001	      0.002	      0.037	      0.510	
       0.345	      1.093	      0.533	      0.001	      0.003	      0.039	      0.660	
       0.306	      1.125	      0.511	      0.010	      0.002	      0.028	      0.529	
       0.644	      1.108	      0.711	      0.001	      0.003	      0.015	      0.346	
       0.554	      1.093	      0.593	      0.002	      0.001	      0.015	      0.258	
       0.637	      1.076	      0.583	      0.001	      0.002	      0.028	      0.377	
       0.693	      1.845	      0.848	      0.002	      0.003	      0.022	      0.375	
       0.807	      1.433	      1.223	      0.003	      0.002	      0.019	      0.294	
 