Values recorded at: 08-Apr-2013 15:24:51

   Collision	    Weather	Deformation	    Buffers	

       0.120	      0.000	      1.686	      0.000	

       0.120	      0.000	      1.661	      0.000	
       0.138	      0.000	      1.656	      0.001	
       0.120	      0.000	      1.679	      0.000	
       0.121	      0.000	      1.671	      0.000	
       0.120	      0.000	      1.865	      0.000	
       0.120	      0.000	      1.876	      0.000	
       0.131	      0.000	      1.804	      0.000	
       0.122	      0.000	      1.663	      0.000	
       0.118	      0.000	      1.941	      0.000	
       0.120	      0.000	      1.875	      0.000	
       0.145	      0.000	      2.077	      0.000	
       0.115	      0.000	      1.725	      0.000	
       0.118	      0.000	      2.496	      0.000	
       0.192	      0.000	      2.162	      0.000	
       0.130	      0.000	      1.761	      0.000	
       0.118	      0.000	      1.625	      0.000	
       0.115	      0.000	      1.802	      0.000	
       0.100	      0.000	      1.669	      0.000	
       0.112	      0.000	      1.993	      0.000	
       0.103	      0.000	      1.983	      0.000	
       0.108	      0.000	      1.543	      0.000	
       0.104	      0.000	      1.496	      0.000	
       0.104	      0.000	      1.565	      0.000	
       0.105	      0.000	      1.563	      0.000	
       0.106	      0.000	      1.514	      0.000	
       0.103	      0.000	      1.602	      0.000	
       0.103	      0.000	      1.646	      0.000	
       0.103	      0.000	      1.781	      0.000	
       0.106	      0.000	      1.599	      0.001	
       0.103	      0.000	      1.579	      0.000	
       0.103	      0.000	      1.923	      0.000	
       0.103	      0.000	      1.503	      0.000	
       0.103	      0.000	      2.001	      0.001	
       0.113	      0.000	      2.118	      0.000	
       0.104	      0.000	      1.694	      0.000	
       0.263	      0.000	      1.462	      0.000	
       0.102	      0.000	      1.489	      0.000	
       0.104	      0.000	      1.462	      0.000	
       0.106	      0.000	      1.467	      0.000	
       0.106	      0.000	      1.505	      0.000	
       0.137	      0.000	      1.475	      0.000	
       0.103	      0.000	      1.568	      0.000	
       0.116	      0.000	      1.448	      0.000	
       0.104	      0.000	      1.506	      0.000	
       0.108	      0.000	      1.526	      0.000	
       0.112	      0.000	      1.472	      0.000	
       0.124	      0.000	      1.470	      0.000	
       0.112	      0.000	      1.540	      0.000	
       0.104	      0.000	      1.573	      0.000	
       0.103	      0.000	      1.624	      0.000	
       0.118	      0.000	      1.552	      0.000	
       0.103	      0.000	      1.584	      0.000	
       0.117	      0.000	      1.730	      0.000	
       0.116	      0.000	      1.577	      0.000	
       0.115	      0.000	      1.727	      0.000	
       0.118	      0.000	      1.587	      0.000	
       0.120	      0.000	      1.537	      0.000	
       0.108	      0.000	      1.577	      0.000	
       0.115	      0.000	      1.845	      0.000	
       0.118	      0.000	      1.581	      0.000	
       0.119	      0.000	      1.498	      0.000	
       0.118	      0.000	      1.548	      0.000	
       0.118	      0.000	      1.505	      0.000	
       0.125	      0.000	      1.491	      0.000	
       0.118	      0.000	      1.513	      0.000	
       0.108	      0.000	      1.664	      0.000	
       0.109	      0.000	      1.551	      0.000	
       0.121	      0.000	      1.599	      0.000	
       0.146	      0.000	      1.562	      0.000	
       0.117	      0.000	      1.553	      0.000	
       0.118	      0.000	      1.643	      0.000	
       0.119	      0.000	      1.583	      0.000	
       0.117	      0.000	      1.537	      0.000	
       0.120	      0.000	      1.697	      0.000	
       0.145	      0.000	      1.627	      0.000	
       0.122	      0.000	      1.624	      0.000	
       0.116	      0.000	      1.573	      0.000	
       0.119	      0.000	      1.927	      0.000	
       0.117	      0.000	      1.516	      0.000	
       0.117	      0.000	      1.746	      0.000	
       0.116	      0.000	      1.547	      0.000	
       0.117	      0.000	      1.936	      0.000	
       0.118	      0.000	      1.520	      0.000	
       0.121	      0.000	      1.555	      0.000	
       0.119	      0.000	      1.578	      0.000	
       0.120	      0.000	      1.553	      0.000	
       0.117	      0.000	      1.661	      0.000	
       0.119	      0.000	      1.564	      0.000	
       0.132	      0.000	      1.534	      0.000	
       0.125	      0.000	      1.525	      0.000	
       0.123	      0.000	      1.527	      0.000	
       0.121	      0.000	      1.644	      0.000	
       0.116	      0.000	      1.561	      0.000	
       0.116	      0.000	      1.612	      0.000	
       0.116	      0.000	      1.542	      0.000	
       0.117	      0.000	      1.564	      0.000	
       0.115	      0.000	      2.067	      0.000	
       0.118	      0.000	      1.631	      0.000	
       0.128	      0.000	      2.003	      0.000	
       0.115	      0.000	      2.180	      0.000	
       0.118	      0.000	      1.510	      0.000	
       0.117	      0.000	      1.517	      0.000	
       0.116	      0.000	      1.881	      0.000	
       0.115	      0.000	      2.040	      0.000	
       0.123	      0.000	      1.526	      0.000	
       0.124	      0.000	      1.459	      0.000	
       0.121	      0.000	      1.529	      0.000	
       0.116	      0.000	      1.517	      0.000	
       0.116	      0.000	      1.530	      0.000	
       0.118	      0.000	      1.553	      0.000	
       0.120	      0.000	      1.506	      0.000	
       0.118	      0.000	      1.560	      0.000	
       0.117	      0.000	      1.565	      0.000	
       0.124	      0.000	      1.602	      0.000	
       0.117	      0.000	      1.770	      0.000	
       0.117	      0.000	      1.611	      0.000	
       0.117	      0.000	      1.538	      0.000	
       0.118	      0.000	      1.538	      0.000	
       0.139	      0.000	      1.539	      0.000	
       0.115	      0.000	      1.972	      0.000	
       0.117	      0.000	      1.536	      0.000	
       0.118	      0.000	      1.924	      0.000	
       0.120	      0.000	      2.043	      0.000	
       0.118	      0.000	      1.533	      0.000	
       0.118	      0.000	      1.750	      0.000	
       0.115	      0.000	      1.521	      0.000	
       0.122	      0.000	      1.554	      0.000	
       0.118	      0.000	      1.547	      0.000	
       0.117	      0.000	      1.512	      0.000	
       0.119	      0.000	      1.621	      0.000	
       0.120	      0.000	      1.530	      0.000	
       0.117	      0.000	      1.599	      0.000	
       0.120	      0.000	      1.655	      0.000	
       0.118	      0.000	      1.500	      0.000	
       0.118	      0.000	      1.549	      0.000	
       0.118	      0.000	      1.651	      0.000	
       0.119	      0.000	      1.603	      0.000	
       0.153	      0.000	      1.605	      0.000	
       0.116	      0.000	      1.704	      0.000	
       0.124	      0.000	      1.554	      0.000	
       0.137	      0.000	      1.739	      0.000	
       0.118	      0.000	      1.610	      0.000	
       0.117	      0.000	      1.919	      0.000	
       0.121	      0.000	      1.560	      0.000	
       0.115	      0.000	      2.216	      0.000	
       0.113	      0.000	      2.240	      0.000	
       0.122	      0.000	      1.680	      0.000	
       0.117	      0.000	      2.183	      0.000	
       0.121	      0.000	      1.783	      0.000	
       0.118	      0.000	      1.794	      0.000	
       0.121	      0.000	      1.512	      0.000	
       0.120	      0.000	      1.530	      0.000	
       0.121	      0.000	      1.562	      0.000	
       0.125	      0.000	      1.580	      0.000	
       0.119	      0.000	      1.566	      0.000	
       0.121	      0.000	      1.477	      0.000	
       0.119	      0.000	      1.487	      0.000	
       0.121	      0.000	      1.787	      0.000	
       0.117	      0.000	      1.681	      0.000	
       0.119	      0.000	      1.614	      0.000	
       0.145	      0.000	      1.986	      0.000	
       0.118	      0.000	      1.690	      0.000	
       0.138	      0.000	      1.527	      0.000	
       0.120	      0.000	      1.560	      0.000	
       0.117	      0.000	      2.070	      0.000	
       0.120	      0.000	      1.614	      0.000	
       0.119	      0.000	      2.035	      0.000	
       0.118	      0.000	      1.534	      0.000	
       0.147	      0.000	      1.552	      0.000	
       0.119	      0.000	      1.520	      0.000	
       0.117	      0.000	      1.848	      0.000	
       0.120	      0.000	      1.522	      0.000	
       0.117	      0.000	      1.711	      0.000	
       0.124	      0.000	      1.502	      0.000	
       0.119	      0.000	      1.502	      0.000	
       0.118	      0.000	      1.469	      0.000	
       0.121	      0.000	      1.563	      0.000	
       0.119	      0.000	      1.602	      0.000	
       0.121	      0.000	      1.516	      0.000	
       0.119	      0.000	      1.568	      0.000	
       0.118	      0.000	      1.655	      0.000	
       0.117	      0.000	      1.536	      0.000	
       0.120	      0.000	      1.690	      0.000	
       0.116	      0.000	      1.882	      0.000	
       0.139	      0.000	      1.558	      0.000	
       0.117	      0.000	      1.913	      0.000	
       0.119	      0.000	      1.651	      0.000	
       0.115	      0.000	      2.170	      0.000	
       0.118	      0.000	      1.574	      0.000	
       0.118	      0.000	      1.696	      0.000	
       0.119	      0.000	      1.571	      0.000	
       0.116	      0.000	      1.892	      0.000	
       0.118	      0.000	      1.539	      0.000	
       0.126	      0.000	      1.712	      0.000	
       0.118	      0.000	      1.569	      0.000	
       0.121	      0.000	      1.619	      0.000	
       0.122	      0.000	      1.574	      0.000	
       0.139	      0.000	      1.675	      0.000	
       0.139	      0.000	      1.658	      0.000	
       0.120	      0.000	      1.647	      0.000	
       0.121	      0.000	      1.594	      0.000	
       0.117	      0.000	      1.662	      0.000	
       0.119	      0.000	      1.779	      0.000	
       0.121	      0.000	      1.759	      0.001	
       0.116	      0.000	      1.867	      0.000	
       0.141	      0.000	      1.557	      0.000	
       0.118	      0.000	      1.882	      0.000	
       0.121	      0.000	      1.713	      0.000	
       0.118	      0.000	      1.996	      0.000	
       0.122	      0.000	      1.665	      0.000	
       0.117	      0.000	      2.168	      0.000	
       0.118	      0.000	      2.187	      0.000	
       0.124	      0.000	      2.418	      0.000	
       0.118	      0.000	      2.055	      0.000	
       0.117	      0.000	      1.778	      0.000	
       0.118	      0.000	      1.635	      0.000	
       0.122	      0.000	      1.627	      0.000	
       0.118	      0.000	      1.688	      0.000	
       0.120	      0.000	      1.667	      0.000	
       0.118	      0.000	      1.729	      0.000	
       0.127	      0.000	      1.675	      0.001	
       0.141	      0.000	      1.610	      0.000	
       0.122	      0.000	      1.713	      0.000	
       0.122	      0.000	      1.657	      0.000	
       0.121	      0.000	      1.702	      0.000	
       0.123	      0.000	      1.741	      0.000	
       0.117	      0.000	      1.643	      0.000	
       0.117	      0.000	      2.037	      0.000	
       0.117	      0.000	      1.722	      0.000	
       0.117	      0.000	      2.302	      0.000	
       0.116	      0.000	      1.864	      0.000	
       0.118	      0.000	      2.259	      0.000	
       0.119	      0.000	      1.849	      0.000	
       0.141	      0.000	      2.177	      0.001	
       0.120	      0.000	      1.648	      0.000	
       0.120	      0.000	      1.691	      0.000	
       0.116	      0.000	      1.737	      0.000	
       0.120	      0.000	      1.710	      0.000	
       0.117	      0.000	      1.613	      0.000	
       0.118	      0.000	      1.672	      0.000	
 