Values recorded at: 04-Mar-2013 23:41:42

     Terrain	    Foliage	   Vehicles	      Items	  Particles	     Bounds	        HUD	

       0.233	      1.238	      0.722	      0.002	      0.000	      0.245	      0.313	
       0.233	      1.192	      0.680	      0.001	      0.000	      0.306	      0.397	
       0.235	      1.404	      0.772	      0.001	      0.001	      0.263	      0.346	
       0.362	      1.327	      1.054	      0.001	      0.000	      0.258	      0.343	
       0.245	      1.350	      0.926	      0.001	      0.000	      0.262	      0.331	
       0.226	      1.374	      0.735	      0.003	      0.000	      0.250	      0.333	
       0.247	      1.377	      0.710	      0.001	      0.000	      0.261	      0.347	
       0.231	      1.318	      0.706	      0.001	      0.001	      0.249	      0.323	
       0.260	      1.224	      0.702	      0.002	      0.000	      0.275	      0.418	
       0.292	      1.403	      0.755	      0.002	      0.001	      0.293	      0.350	
       0.250	      1.329	      0.709	      0.002	      0.000	      0.266	      0.340	
       0.247	      1.274	      0.688	      0.001	      0.000	      0.247	      0.337	
       0.241	      1.288	      0.682	      0.001	      0.000	      0.253	      0.341	
       0.250	      1.295	      0.689	      0.002	      0.001	      0.245	      0.320	
       0.270	      1.262	      0.740	      0.002	      0.001	      0.256	      0.345	
       0.276	      1.137	      0.612	      0.002	      0.001	      0.290	      0.294	
       0.272	      1.219	      0.753	      0.002	      0.001	      0.264	      0.340	
       0.260	      1.353	      0.720	      0.001	      0.000	      0.247	      0.346	
       0.252	      1.292	      0.696	      0.001	      0.001	      0.253	      0.331	
       0.250	      1.357	      0.700	      0.001	      0.001	      0.245	      0.351	
       0.262	      1.304	      0.702	      0.001	      0.001	      0.257	      0.331	
       0.273	      1.361	      0.698	      0.001	      0.000	      0.609	      0.588	
       0.255	      1.337	      0.693	      0.001	      0.000	      0.280	      0.379	
       0.237	      1.250	      0.688	      0.001	      0.001	      0.256	      0.336	
       0.237	      1.272	      0.685	      0.001	      0.000	      0.247	      0.327	
       0.405	      1.277	      0.673	      0.001	      0.000	      0.247	      0.332	
       0.253	      1.348	      0.915	      0.001	      0.000	      0.269	      0.344	
       0.234	      1.204	      0.676	      0.001	      0.001	      0.265	      0.374	
       0.251	      1.226	      0.708	      0.001	      0.001	      0.242	      0.316	
       0.259	      1.473	      0.706	      0.001	      0.001	      0.537	      0.360	
       0.274	      1.475	      0.790	      0.003	      0.001	      0.271	      0.349	
       0.239	      1.389	      0.776	      0.002	      0.000	      0.251	      0.340	
       0.248	      1.356	      0.681	      0.002	      0.001	      0.254	      0.331	
       0.256	      1.269	      0.717	      0.002	      0.000	      0.359	      0.330	
       0.229	      1.191	      0.688	      0.001	      0.000	      0.302	      0.397	
       0.270	      1.252	      0.702	      0.001	      0.001	      0.254	      0.382	
       0.301	      1.303	      0.721	      0.001	      0.001	      0.255	      0.358	
       0.282	      1.297	      0.745	      0.002	      0.001	      0.251	      0.355	
       0.240	      1.280	      0.706	      0.001	      0.000	      0.249	      0.342	
       0.248	      1.266	      0.694	      0.002	      0.000	      0.249	      0.327	
       0.251	      1.366	      0.744	      0.001	      0.000	      0.247	      0.346	
       0.239	      1.173	      0.682	      0.001	      0.001	      0.297	      0.391	
       0.277	      1.321	      0.741	      0.002	      0.001	      0.268	      0.353	
       0.253	      1.277	      0.703	      0.001	      0.000	      0.253	      0.340	
       0.243	      1.282	      0.702	      0.001	      0.000	      0.248	      0.343	
       0.342	      1.274	      0.686	      0.001	      0.001	      0.244	      0.339	
       0.240	      1.364	      0.698	      0.001	      0.000	      0.254	      0.329	
       0.228	      1.193	      0.819	      0.001	      0.000	      0.251	      0.316	
       0.292	      1.339	      0.733	      0.002	      0.001	      0.653	      0.646	
       0.348	      1.294	      0.749	      0.002	      0.001	      0.260	      0.343	
       0.251	      1.298	      0.692	      0.001	      0.000	      0.260	      0.369	
       0.359	      1.383	      0.711	      0.002	      0.000	      0.254	      0.341	
       0.255	      1.344	      0.763	      0.003	      0.000	      0.248	      0.336	
       0.227	      1.373	      0.776	      0.001	      0.000	      0.251	      0.328	
       0.264	      1.283	      0.724	      0.002	      0.001	      0.260	      0.341	
       0.297	      1.235	      0.709	      0.002	      0.001	      0.294	      0.409	
       0.255	      1.231	      0.690	      0.001	      0.001	      0.252	      0.339	
       0.253	      1.247	      0.663	      0.002	      0.000	      0.247	      0.325	
       0.240	      1.287	      0.707	      0.001	      0.000	      0.256	      0.334	
       0.250	      1.341	      0.705	      0.001	      0.000	      0.245	      0.343	
       0.272	      1.215	      0.732	      0.001	      0.001	      0.266	      0.399	
       0.277	      1.210	      0.721	      0.002	      0.000	      0.280	      0.396	
       0.237	      1.224	      0.671	      0.001	      0.000	      0.249	      0.324	
       0.244	      1.280	      0.694	      0.002	      0.000	      0.247	      0.336	
       0.232	      1.285	      0.684	      0.001	      0.001	      0.244	      0.327	
       0.246	      1.266	      0.689	      0.001	      0.000	      0.243	      0.321	
       0.239	      1.270	      0.729	      0.002	      0.000	      0.271	      0.334	
       0.291	      1.219	      1.169	      0.005	      0.001	      0.265	      0.305	
       0.520	      1.381	      0.726	      0.002	      0.001	      0.312	      0.409	
       0.244	      1.234	      0.688	      0.001	      0.001	      0.259	      0.331	
       0.238	      1.290	      0.696	      0.002	      0.000	      0.243	      0.327	
       0.239	      1.273	      0.684	      0.001	      0.001	      0.243	      0.325	
       0.316	      1.334	      0.722	      0.001	      0.000	      0.258	      0.340	
       0.272	      1.295	      0.881	      0.001	      0.000	      0.265	      0.354	
       0.274	      1.399	      0.785	      0.002	      0.000	      0.307	      0.379	
       0.231	      1.267	      0.705	      0.002	      0.001	      0.284	      0.392	
       0.235	      1.253	      0.681	      0.001	      0.000	      0.527	      0.359	
       0.255	      1.314	      0.718	      0.001	      0.001	      0.271	      0.378	
       0.253	      1.298	      0.721	      0.001	      0.000	      0.251	      0.346	
       0.265	      1.388	      0.713	      0.001	      0.000	      0.248	      0.367	
       0.289	      1.271	      0.772	      0.002	      0.001	      0.255	      0.368	
       0.236	      1.216	      0.691	      0.001	      0.001	      0.274	      0.384	
       0.261	      1.274	      0.723	      0.002	      0.001	      0.260	      0.338	
       0.242	      1.305	      0.769	      0.002	      0.000	      0.250	      0.336	
       0.236	      1.281	      0.681	      0.001	      0.000	      0.245	      0.322	
       0.266	      1.309	      0.742	      0.001	      0.001	      0.254	      0.387	
       0.509	      1.295	      1.021	      0.002	      0.001	      0.268	      0.346	
       0.590	      3.135	      1.733	      0.003	      0.001	      0.616	      0.763	
       0.568	      3.072	      1.560	      0.003	      0.001	      0.665	      0.762	
       0.334	      1.860	      0.951	      0.002	      0.000	      0.350	      0.442	
       0.327	      1.818	      0.907	      0.002	      0.001	      0.344	      0.436	
       0.327	      1.826	      0.999	      0.002	      0.001	      0.370	      0.457	
       0.331	      1.950	      0.929	      0.002	      0.001	      0.705	      0.597	
       0.370	      1.864	      1.087	      0.002	      0.001	      0.351	      0.449	
       0.327	      1.827	      1.090	      0.002	      0.001	      0.351	      0.437	
       0.342	      1.726	      0.951	      0.002	      0.001	      0.375	      0.490	
       0.325	      1.826	      0.937	      0.002	      0.000	      0.357	      0.437	
       0.349	      1.982	      0.901	      0.002	      0.000	      0.343	      0.433	
       0.350	      1.811	      0.973	      0.002	      0.001	      0.359	      0.474	
       0.363	      1.917	      0.951	      0.002	      0.001	      0.379	      0.477	
       0.386	      1.879	      0.944	      0.002	      0.001	      0.360	      0.455	
       0.345	      1.768	      0.960	      0.002	      0.001	      0.353	      0.449	
       0.329	      1.750	      0.922	      0.002	      0.001	      0.373	      0.492	
       0.328	      1.860	      0.916	      0.002	      0.001	      0.348	      0.443	
       0.348	      1.869	      0.978	      0.002	      0.001	      0.352	      0.444	
       0.375	      1.826	      0.958	      0.002	      0.001	      0.354	      0.443	
       0.346	      1.838	      0.930	      0.002	      0.001	      0.347	      0.443	
       0.331	      1.888	      0.916	      0.002	      0.001	      0.344	      0.440	
       0.325	      1.786	      0.939	      0.002	      0.001	      0.357	      0.451	
       0.338	      1.736	      0.923	      0.002	      0.001	      0.368	      0.488	
       0.364	      1.735	      1.023	      0.002	      0.001	      0.347	      0.519	
       0.352	      2.019	      1.114	      0.002	      0.001	      0.358	      0.473	
       0.338	      1.833	      0.922	      0.002	      0.001	      0.352	      0.440	
       0.343	      1.682	      0.806	      0.002	      0.001	      0.343	      0.394	
       0.338	      1.876	      0.905	      0.002	      0.000	      0.345	      0.444	
       0.370	      1.753	      0.937	      0.002	      0.001	      0.343	      0.439	
       0.325	      1.989	      1.001	      0.002	      0.001	      0.400	      0.549	
       0.355	      1.880	      0.950	      0.002	      0.001	      0.363	      0.455	
       0.331	      1.917	      0.906	      0.002	      0.001	      0.344	      0.445	
       0.325	      1.942	      0.926	      0.001	      0.001	      0.343	      0.458	
       0.331	      1.826	      0.895	      0.002	      0.001	      0.373	      0.450	
       0.322	      1.825	      0.901	      0.001	      0.001	      0.346	      0.473	
       0.325	      1.663	      0.829	      0.002	      0.000	      0.349	      0.400	
       0.389	      1.744	      0.997	      0.002	      0.001	      0.380	      0.493	
       0.336	      1.830	      0.914	      0.002	      0.001	      0.347	      0.443	
       0.333	      1.844	      0.916	      0.002	      0.001	      0.347	      0.433	
       0.330	      1.833	      0.920	      0.002	      0.001	      0.343	      0.457	
       0.339	      1.849	      0.901	      0.002	      0.001	      0.341	      0.438	
       0.324	      1.862	      0.884	      0.002	      0.001	      0.339	      0.437	
       0.688	      1.782	      1.121	      0.002	      0.001	      0.363	      0.461	
       0.361	      1.753	      1.333	      0.003	      0.001	      0.381	      0.514	
       0.325	      1.731	      0.910	      0.002	      0.001	      0.343	      0.439	
       0.319	      1.844	      0.897	      0.002	      0.001	      0.342	      0.431	
       0.322	      1.817	      0.897	      0.002	      0.000	      0.339	      0.429	
       0.333	      1.903	      0.905	      0.002	      0.001	      0.346	      0.438	
       0.361	      1.986	      0.917	      0.002	      0.000	      0.364	      0.470	
       0.346	      1.761	      1.231	      0.003	      0.002	      0.359	      0.458	
       0.334	      1.767	      1.075	      0.002	      0.001	      0.370	      0.499	
       0.334	      1.767	      0.960	      0.002	      0.001	      0.352	      0.433	
       0.331	      1.924	      0.935	      0.002	      0.001	      0.347	      0.440	
       0.373	      1.891	      0.940	      0.002	      0.001	      0.346	      0.445	
       0.348	      1.860	      0.929	      0.002	      0.001	      0.404	      0.488	
       0.375	      1.882	      0.986	      0.002	      0.001	      0.367	      0.475	
       0.337	      1.802	      0.952	      0.003	      0.000	      0.355	      0.466	
       0.328	      1.814	      0.930	      0.002	      0.001	      0.375	      0.402	
       0.344	      1.783	      0.917	      0.002	      0.001	      0.345	      0.443	
       0.328	      1.861	      0.904	      0.002	      0.001	      0.340	      0.435	
       0.326	      1.847	      0.902	      0.002	      0.001	      0.344	      0.434	
       0.382	      1.945	      1.040	      0.002	      0.001	      0.348	      0.452	
       0.336	      1.898	      0.926	      0.002	      0.001	      0.350	      0.444	
       0.334	      1.757	      0.944	      0.002	      0.001	      0.346	      0.472	
       0.336	      1.716	      0.919	      0.002	      0.001	      0.377	      0.488	
       0.325	      1.782	      0.910	      0.002	      0.001	      0.341	      0.433	
       0.335	      1.840	      0.909	      0.002	      0.001	      0.341	      0.437	
       0.481	      2.237	      1.039	      0.002	      0.001	      0.358	      0.689	
       0.354	      1.820	      0.922	      0.002	      0.001	      0.359	      0.446	
       0.332	      1.819	      0.919	      0.002	      0.001	      0.343	      0.453	
       0.337	      1.786	      0.933	      0.002	      0.001	      0.342	      0.434	
       0.468	      1.745	      0.928	      0.002	      0.001	      0.381	      0.541	
       0.341	      1.840	      1.019	      0.002	      0.001	      0.363	      0.468	
       0.396	      1.920	      1.070	      0.003	      0.001	      0.495	      0.606	
       0.366	      1.797	      0.849	      0.002	      0.001	      0.650	      0.525	
       0.289	      1.317	      0.751	      0.001	      0.001	      0.289	      0.375	
       0.271	      1.164	      0.669	      0.002	      0.000	      0.272	      0.312	
       0.273	      1.193	      0.739	      0.002	      0.001	      0.273	      0.304	
       0.283	      1.136	      0.711	      0.001	      0.000	      0.296	      0.365	
       0.287	      1.244	      0.607	      0.001	      0.001	      0.289	      0.373	
       0.276	      1.250	      0.703	      0.001	      0.001	      0.261	      0.307	
       0.289	      1.180	      0.604	      0.002	      0.000	      0.261	      0.275	
       0.252	      1.149	      0.560	      0.001	      0.000	      0.247	      0.267	
       0.249	      1.295	      0.673	      0.001	      0.000	      0.248	      0.321	
       0.278	      1.226	      0.774	      0.002	      0.001	      0.254	      0.336	
       0.246	      1.187	      0.694	      0.001	      0.001	      0.266	      0.367	
       0.294	      1.506	      0.866	      0.003	      0.001	      0.260	      0.353	
       0.248	      1.315	      0.697	      0.001	      0.001	      0.247	      0.361	
       0.243	      1.293	      0.700	      0.001	      0.000	      0.244	      0.319	
       0.245	      1.326	      0.668	      0.001	      0.001	      0.244	      0.336	
       0.251	      1.315	      0.710	      0.001	      0.001	      0.247	      0.323	
       0.235	      1.258	      0.724	      0.001	      0.001	      0.250	      0.323	
       0.482	      1.261	      0.690	      0.001	      0.000	      0.638	      0.395	
       0.283	      1.326	      0.816	      0.001	      0.001	      0.272	      0.360	
       0.242	      1.397	      0.709	      0.001	      0.001	      0.251	      0.355	
       0.232	      1.355	      0.686	      0.001	      0.001	      0.246	      0.349	
       0.246	      1.402	      0.691	      0.001	      0.000	      0.293	      0.354	
       0.233	      1.282	      0.681	      0.001	      0.000	      0.268	      0.366	
       0.260	      1.260	      0.741	      0.001	      0.001	      0.260	      0.338	
       0.304	      1.196	      0.764	      0.001	      0.000	      0.276	      0.401	
       0.251	      1.215	      0.694	      0.001	      0.001	      0.249	      0.327	
       0.242	      1.279	      0.695	      0.001	      0.000	      0.244	      0.334	
       0.243	      1.276	      0.703	      0.001	      0.000	      0.247	      0.324	
       0.243	      1.276	      0.704	      0.001	      0.000	      0.245	      0.322	
       0.239	      1.258	      0.700	      0.001	      0.001	      0.290	      0.340	
       0.280	      1.212	      0.769	      0.002	      0.001	      0.332	      0.324	
       0.698	      1.227	      0.916	      0.002	      0.001	      0.304	      0.419	
       0.306	      1.387	      0.725	      0.002	      0.000	      0.304	      0.370	
       0.278	      1.157	      0.602	      0.002	      0.001	      0.259	      0.285	
       0.284	      1.153	      0.597	      0.001	      0.000	      0.258	      0.290	
       0.260	      1.164	      0.590	      0.001	      0.001	      0.290	      0.299	
       0.284	      1.213	      0.617	      0.002	      0.001	      0.294	      0.333	
       0.326	      1.131	      0.621	      0.001	      0.000	      0.263	      0.324	
       0.276	      1.137	      0.595	      0.001	      0.001	      0.280	      0.306	
       0.439	      1.180	      0.604	      0.001	      0.001	      0.254	      0.290	
       0.298	      1.231	      0.646	      0.002	      0.001	      0.261	      0.303	
       0.285	      1.208	      0.594	      0.002	      0.000	      0.251	      0.289	
       0.313	      1.446	      0.614	      0.002	      0.001	      0.334	      0.347	
       0.246	      1.276	      0.780	      0.001	      0.001	      0.260	      0.365	
       0.230	      1.253	      0.709	      0.001	      0.000	      0.244	      0.312	
       0.260	      1.214	      0.720	      0.001	      0.000	      0.281	      0.398	
       0.233	      1.234	      0.668	      0.001	      0.001	      0.248	      0.325	
       0.239	      1.267	      0.671	      0.001	      0.001	      0.243	      0.309	
       0.260	      1.310	      0.687	      0.001	      0.001	      0.254	      0.331	
       0.275	      1.294	      0.740	      0.001	      0.001	      0.268	      0.341	
       0.251	      1.203	      0.704	      0.001	      0.001	      0.251	      0.368	
       0.253	      1.192	      0.692	      0.001	      0.000	      0.263	      0.371	
       0.229	      1.208	      0.692	      0.001	      0.001	      0.243	      0.313	
       0.224	      1.277	      0.672	      0.001	      0.000	      0.241	      0.310	
       0.233	      1.288	      0.672	      0.001	      0.001	      0.263	      0.337	
       0.260	      1.527	      0.730	      0.002	      0.001	      0.266	      0.346	
       0.253	      1.315	      0.853	      0.001	      0.001	      0.253	      0.331	
       0.245	      1.273	      0.747	      0.001	      0.001	      0.248	      0.343	
       0.239	      1.208	      0.700	      0.001	      0.000	      0.273	      0.376	
       0.238	      1.232	      0.676	      0.001	      0.001	      0.247	      0.324	
       0.414	      1.296	      0.667	      0.002	      0.001	      0.253	      0.333	
       0.268	      1.309	      0.844	      0.001	      0.001	      0.260	      0.366	
       0.292	      1.419	      0.850	      0.002	      0.001	      0.372	      0.346	
       0.279	      1.365	      0.731	      0.001	      0.000	      0.401	      0.437	
       0.247	      1.258	      0.724	      0.002	      0.001	      0.279	      0.473	
       0.227	      1.205	      0.702	      0.001	      0.000	      0.279	      0.383	
       0.254	      1.367	      0.665	      0.001	      0.000	      0.246	      0.320	
       0.266	      1.304	      0.722	      0.001	      0.000	      0.254	      0.335	
       0.292	      1.306	      0.751	      0.002	      0.001	      0.252	      0.352	
       0.292	      1.265	      0.684	      0.001	      0.001	      0.251	      0.366	
       0.248	      1.253	      0.676	      0.002	      0.001	      0.247	      0.318	
       0.227	      1.409	      0.671	      0.001	      0.000	      0.267	      0.355	
       0.239	      1.165	      0.693	      0.001	      0.000	      0.283	      0.381	
       0.283	      1.232	      0.712	      0.002	      0.000	      0.253	      0.337	
       0.286	      1.319	      0.745	      0.002	      0.001	      0.266	      0.337	
       0.258	      1.327	      0.795	      0.001	      0.000	      0.263	      0.335	
       0.255	      1.314	      0.708	      0.002	      0.001	      0.253	      0.338	
       0.260	      1.283	      0.709	      0.002	      0.000	      0.251	      0.328	
 