Values recorded at: 14-Apr-2013 17:55:19

   Collision	    Weather	Deformation	    Buffers	

       0.131	      0.000	      2.334	      0.000	

       0.147	      0.000	      3.046	      0.000	
       0.122	      0.000	      3.027	      0.000	
       0.120	      0.000	      2.870	      0.000	
       0.121	      0.000	      2.945	      0.000	
       0.121	      0.000	      2.936	      0.000	
       0.119	      0.000	      2.899	      0.000	
       0.133	      0.000	      2.807	      0.000	
       0.123	      0.000	      2.921	      0.000	
       0.120	      0.000	      3.039	      0.000	
       0.120	      0.000	      3.070	      0.000	
       0.121	      0.000	      2.862	      0.000	
       0.125	      0.000	      3.056	      0.000	
       0.133	      0.000	      3.128	      0.000	
       0.122	      0.000	      3.048	      0.000	
       0.127	      0.000	      3.028	      0.000	
       0.121	      0.000	      2.795	      0.000	
       0.121	      0.000	      3.087	      0.000	
       0.119	      0.000	      2.789	      0.000	
       0.121	      0.000	      3.043	      0.000	
       0.138	      0.000	      3.022	      0.000	
       0.123	      0.000	      3.167	      0.000	
       0.119	      0.000	      2.853	      0.000	
       0.120	      0.000	      2.745	      0.000	
       0.118	      0.000	      2.834	      0.000	
       0.120	      0.000	      2.863	      0.000	
       0.121	      0.000	      3.677	      0.000	
       0.122	      0.000	      3.880	      0.000	
       0.112	      0.000	      4.137	      0.000	
       0.122	      0.000	      4.387	      0.000	
       0.126	      0.000	      4.383	      0.000	
       0.127	      0.000	      4.302	      0.000	
       0.119	      0.000	      4.197	      0.000	
       0.112	      0.000	      4.437	      0.000	
       0.120	      0.000	      4.382	      0.000	
       0.122	      0.000	      4.457	      0.000	
       0.123	      0.000	      4.286	      0.000	
       0.125	      0.000	      4.340	      0.000	
       0.121	      0.000	      4.364	      0.000	
       0.121	      0.000	      4.368	      0.000	
       0.119	      0.000	      4.366	      0.000	
       0.119	      0.000	      4.483	      0.000	
       0.121	      0.000	      4.273	      0.000	
       0.121	      0.000	      4.635	      0.000	
       0.138	      0.000	      4.331	      0.000	
       0.123	      0.000	      4.340	      0.000	
       0.121	      0.000	      4.387	      0.000	
       0.117	      0.000	      4.544	      0.000	
       0.121	      0.000	      4.336	      0.000	
       0.116	      0.000	      4.310	      0.000	
       0.120	      0.000	      4.406	      0.000	
       0.121	      0.000	      4.565	      0.000	
       0.141	      0.000	      4.275	      0.000	
       0.120	      0.000	      4.372	      0.000	
       0.120	      0.000	      4.372	      0.000	
       0.116	      0.000	      4.281	      0.000	
       0.121	      0.000	      4.325	      0.000	
       0.118	      0.000	      4.303	      0.000	
       0.121	      0.000	      4.244	      0.000	
       0.120	      0.000	      4.360	      0.000	
       0.120	      0.000	      4.510	      0.000	
       0.120	      0.000	      4.407	      0.000	
       0.120	      0.000	      4.183	      0.000	
       0.120	      0.000	      4.719	      0.000	
       0.121	      0.000	      4.599	      0.000	
       0.118	      0.000	      4.487	      0.000	
       0.120	      0.000	      4.281	      0.000	
       0.121	      0.000	      4.404	      0.000	
       0.121	      0.000	      4.674	      0.000	
       0.117	      0.000	      4.208	      0.000	
       0.121	      0.000	      4.280	      0.000	
       0.122	      0.000	      4.417	      0.000	
       0.118	      0.000	      4.500	      0.000	
       0.168	      0.000	      4.759	      0.000	
       0.120	      0.000	      4.458	      0.000	
       0.116	      0.000	      4.446	      0.000	
       0.127	      0.000	      4.533	      0.000	
       0.122	      0.000	      4.228	      0.000	
       0.124	      0.000	      4.623	      0.000	
       0.219	      0.000	      0.037	      0.000	
       0.120	      0.000	      0.035	      0.000	
       0.123	      0.000	      4.121	      0.000	
       0.116	      0.000	      4.169	      0.000	
       0.134	      0.000	      3.481	      0.000	
       0.119	      0.000	      3.365	      0.000	
       0.119	      0.000	      3.471	      0.000	
       0.121	      0.000	      3.769	      0.000	
       0.121	      0.000	      2.691	      0.000	
       0.120	      0.000	      2.802	      0.000	
       0.120	      0.000	      3.136	      0.000	
       0.119	      0.000	      2.989	      0.000	
       0.119	      0.000	      3.041	      0.000	
       0.120	      0.000	      3.037	      0.000	
       0.120	      0.000	      3.354	      0.000	
       0.121	      0.000	      2.979	      0.000	
       0.118	      0.000	      3.126	      0.000	
       0.123	      0.000	      3.100	      0.000	
       0.120	      0.000	      3.001	      0.000	
       0.121	      0.000	      3.010	      0.000	
       0.121	      0.000	      3.052	      0.000	
       0.121	      0.000	      3.185	      0.000	
       0.120	      0.000	      3.261	      0.000	
       0.121	      0.000	      3.114	      0.000	
       0.121	      0.000	      2.918	      0.000	
       0.118	      0.000	      3.144	      0.000	
       0.121	      0.000	      2.365	      0.000	
       0.123	      0.000	      2.334	      0.000	
       0.120	      0.000	      2.429	      0.000	
       0.129	      0.000	      2.405	      0.000	
       0.120	      0.000	      1.772	      0.000	
       0.119	      0.000	      1.656	      0.000	
       0.123	      0.000	      1.793	      0.000	
       0.120	      0.000	      1.911	      0.000	
       0.118	      0.000	      1.644	      0.000	
       0.116	      0.000	      1.760	      0.000	
       0.118	      0.000	      1.749	      0.000	
       0.120	      0.000	      1.782	      0.000	
       0.118	      0.000	      1.799	      0.000	
       0.122	      0.000	      1.770	      0.000	
       0.121	      0.000	      1.618	      0.000	
       0.118	      0.000	      1.575	      0.000	
       0.119	      0.000	      1.732	      0.000	
       0.119	      0.000	      1.809	      0.000	
       0.141	      0.000	      1.698	      0.000	
       0.119	      0.000	      1.762	      0.000	
       0.117	      0.000	      1.861	      0.000	
       0.119	      0.000	      2.084	      0.000	
       0.119	      0.000	      1.607	      0.000	
       0.118	      0.000	      1.993	      0.000	
       0.120	      0.000	      1.934	      0.000	
       0.123	      0.000	      1.832	      0.000	
       0.119	      0.000	      1.970	      0.000	
       0.120	      0.000	      1.645	      0.000	
       0.118	      0.000	      1.790	      0.000	
       0.120	      0.000	      1.723	      0.000	
       0.118	      0.000	      1.652	      0.000	
       0.134	      0.000	      1.957	      0.000	
       0.119	      0.000	      1.762	      0.000	
       0.118	      0.000	      1.798	      0.000	
       0.120	      0.000	      1.973	      0.000	
       0.118	      0.000	      1.794	      0.000	
       0.118	      0.000	      1.746	      0.000	
       0.122	      0.000	      1.866	      0.000	
       0.119	      0.000	      1.647	      0.000	
       0.148	      0.000	      1.596	      0.000	
       0.118	      0.000	      1.824	      0.000	
       0.118	      0.000	      1.858	      0.000	
       0.149	      0.000	      1.900	      0.000	
       0.119	      0.000	      1.829	      0.000	
       0.121	      0.000	      1.657	      0.000	
       0.118	      0.000	      1.793	      0.000	
       0.120	      0.000	      1.810	      0.000	
       0.119	      0.000	      1.819	      0.000	
       0.117	      0.000	      1.891	      0.000	
       0.114	      0.000	      1.785	      0.000	
       0.118	      0.000	      1.793	      0.000	
       0.117	      0.000	      1.721	      0.000	
       0.169	      0.000	      1.713	      0.000	
       0.121	      0.000	      1.780	      0.000	
       0.121	      0.000	      1.732	      0.000	
       0.121	      0.000	      1.814	      0.000	
       0.118	      0.000	      1.698	      0.000	
       0.122	      0.000	      1.593	      0.000	
       0.118	      0.000	      1.569	      0.000	
       0.118	      0.000	      1.723	      0.000	
       0.118	      0.000	      1.674	      0.000	
       0.118	      0.000	      1.724	      0.000	
       0.144	      0.000	      1.666	      0.000	
       0.118	      0.000	      1.625	      0.000	
       0.118	      0.000	      1.744	      0.000	
       0.140	      0.000	      2.828	      0.000	
       0.121	      0.000	      2.934	      0.000	
       0.124	      0.000	      2.171	      0.000	
       0.120	      0.000	      2.336	      0.000	
       0.120	      0.000	      2.340	      0.000	
       0.118	      0.000	      2.266	      0.000	
       0.122	      0.000	      2.102	      0.000	
       0.121	      0.000	      2.220	      0.000	
       0.120	      0.000	      2.113	      0.000	
       0.119	      0.000	      2.364	      0.000	
       0.122	      0.000	      2.267	      0.000	
       0.120	      0.000	      2.178	      0.000	
       0.120	      0.000	      2.382	      0.000	
       0.120	      0.000	      2.451	      0.000	
       0.118	      0.000	      2.254	      0.000	
       0.119	      0.000	      2.296	      0.000	
       0.119	      0.000	      2.204	      0.000	
       0.121	      0.000	      2.402	      0.000	
       0.121	      0.000	      2.365	      0.000	
       0.118	      0.000	      0.044	      0.000	
       0.168	      0.000	      0.079	      0.000	
       0.172	      0.000	      0.138	      0.000	
       0.165	      0.000	      0.042	      0.000	
       0.219	      0.000	      0.046	      0.000	
       0.172	      0.000	      0.036	      0.000	
       0.121	      0.000	      0.037	      0.000	
       0.124	      0.000	      0.130	      0.000	
       0.141	      0.000	      0.080	      0.000	
       0.118	      0.000	      0.035	      0.000	
       0.206	      0.000	      0.127	      0.000	
       0.122	      0.000	      0.043	      0.000	
       0.217	      0.000	      0.036	      0.000	
       0.168	      0.000	      0.079	      0.000	
       0.216	      0.000	      0.034	      0.000	
       0.211	      0.000	      0.039	      0.000	
       0.168	      0.000	      0.085	      0.000	
       0.235	      0.000	      0.047	      0.000	
       0.259	      0.000	      0.047	      0.000	
       0.170	      0.000	      0.073	      0.000	
       0.119	      0.000	      0.028	      0.000	
       0.122	      0.000	      0.029	      0.000	
       0.125	      0.000	      0.079	      0.000	
       0.119	      0.000	      0.032	      0.000	
       0.124	      0.000	      0.030	      0.000	
       0.126	      0.000	      0.125	      0.000	
       0.248	      0.000	      0.030	      0.000	
       0.207	      0.000	      0.039	      0.000	
       0.253	      0.000	      0.027	      0.000	
       0.171	      0.000	      0.030	      0.000	
       0.118	      0.000	      0.035	      0.000	
       0.168	      0.000	      0.073	      0.000	
       0.171	      0.000	      0.028	      0.000	
       0.248	      0.000	      0.073	      0.000	
       0.210	      0.000	      0.041	      0.000	
       0.118	      0.000	      0.037	      0.000	
       0.117	      0.000	      0.033	      0.000	
       0.131	      0.000	      0.071	      0.000	
       0.206	      0.000	      0.027	      0.000	
       0.118	      0.000	      0.026	      0.000	
       0.154	      0.000	      0.074	      0.000	
       0.166	      0.000	      0.024	      0.000	
       0.139	      0.000	      0.050	      0.000	
       0.169	      0.000	      0.068	      0.000	
       0.124	      0.000	      0.024	      0.000	
       0.168	      0.000	      0.066	      0.000	
       0.159	      0.000	      0.802	      0.000	
       0.122	      0.000	      1.369	      0.000	
       0.121	      0.000	      1.895	      0.000	
       0.121	      0.000	      2.899	      0.000	
       0.121	      0.000	      2.899	      0.000	
       0.122	      0.000	      2.842	      0.000	
 