Values recorded at: 30-Jan-2013 14:46:38

       World	   Vehicles	      Items	  Particles	     Bounds	        HUD	

      13.082	      0.916	      0.000	      0.000	      0.026	      0.338	
      12.888	      0.903	      0.000	      0.000	      0.015	      0.372	
      13.120	      0.901	      0.001	      0.000	      0.017	      0.362	
      13.251	      1.007	      0.001	      0.000	      0.019	      0.488	
      14.405	      0.978	      0.000	      0.000	      0.018	      0.462	
      14.157	      0.889	      0.000	      0.000	      0.016	      0.525	
      13.317	      0.910	      0.000	      0.000	      0.023	      0.366	
      12.749	      0.913	      0.000	      0.000	      0.018	      0.376	
      12.891	      0.892	      0.001	      0.000	      0.018	      0.367	
      12.855	      0.940	      0.007	      0.000	      0.018	      0.370	
      13.690	      1.061	      0.001	      0.000	      0.017	      0.381	
      12.784	      1.046	      0.000	      0.000	      0.017	      0.384	
      14.396	      0.958	      0.000	      0.000	      0.018	      0.507	
      14.302	      1.030	      0.000	      0.000	      0.023	      0.471	
      13.110	      0.897	      0.000	      0.000	      0.017	      0.357	
      13.692	      0.953	      0.000	      0.000	      0.017	      0.368	
      14.567	      0.969	      0.000	      0.000	      0.017	      0.469	
      13.039	      0.902	      0.000	      0.000	      0.016	      0.377	
      14.472	      0.901	      0.000	      0.000	      0.016	      0.508	
      13.124	      0.903	      0.000	      0.000	      0.015	      0.410	
      13.228	      0.923	      0.001	      0.000	      0.016	      0.378	
      13.104	      0.916	      0.001	      0.000	      0.016	      0.397	
      13.168	      0.923	      0.000	      0.000	      0.015	      0.370	
      14.476	      0.971	      0.000	      0.000	      0.058	      0.378	
      14.164	      1.066	      0.001	      0.000	      0.017	      0.367	
      13.898	      0.905	      0.000	      0.000	      0.057	      0.406	
      14.625	      0.940	      0.001	      0.000	      0.018	      0.415	
      14.603	      0.904	      0.000	      0.000	      0.020	      0.515	
      13.015	      0.908	      0.001	      0.000	      0.017	      0.373	
      14.417	      0.965	      0.001	      0.000	      0.057	      0.369	
      14.313	      0.916	      0.001	      0.000	      0.022	      0.477	
      13.235	      0.912	      0.000	      0.000	      0.017	      0.365	
      14.483	      0.987	      0.001	      0.000	      0.018	      0.437	
      14.230	      1.104	      0.000	      0.000	      0.016	      0.434	
      14.533	      0.911	      0.001	      0.000	      0.058	      0.523	
      13.064	      0.929	      0.000	      0.000	      0.018	      0.404	
      13.300	      0.958	      0.001	      0.000	      0.020	      0.450	
      13.992	      0.905	      0.001	      0.000	      0.015	      0.432	
      12.903	      0.955	      0.000	      0.000	      0.015	      0.324	
      14.411	      0.909	      0.001	      0.000	      0.017	      0.485	
      14.575	      0.896	      0.000	      0.000	      0.017	      0.425	
      14.417	      0.965	      0.001	      0.000	      0.026	      0.366	
      12.900	      0.942	      0.001	      0.000	      0.017	      0.326	
      13.766	      0.920	      0.000	      0.000	      0.018	      0.486	
      14.193	      1.038	      0.001	      0.000	      0.018	      0.329	
      14.457	      0.896	      0.000	      0.000	      0.015	      0.400	
      14.581	      0.900	      0.001	      0.000	      0.057	      0.381	
      14.433	      0.982	      0.000	      0.000	      0.016	      0.331	
      14.911	      0.897	      0.000	      0.000	      0.017	      0.478	
      14.381	      0.944	      0.001	      0.000	      0.016	      0.352	
      14.068	      0.997	      0.000	      0.000	      0.015	      0.306	
      14.426	      0.921	      0.001	      0.000	      0.019	      0.334	
      14.267	      1.133	      0.000	      0.000	      0.016	      0.325	
      14.480	      0.985	      0.000	      0.000	      0.018	      0.326	
      14.339	      0.900	      0.000	      0.000	      0.016	      0.469	
      14.418	      0.975	      0.000	      0.000	      0.016	      0.415	
      13.080	      0.899	      0.001	      0.000	      0.015	      0.329	
      12.957	      0.930	      0.001	      0.000	      0.016	      0.338	
      14.254	      0.972	      0.001	      0.000	      0.021	      0.409	
      14.410	      0.942	      0.001	      0.000	      0.018	      0.414	
      12.853	      0.993	      0.001	      0.000	      0.017	      0.320	
      14.423	      0.964	      0.001	      0.000	      0.018	      0.331	
      14.331	      1.028	      0.001	      0.000	      0.017	      0.428	
      13.305	      0.961	      0.001	      0.000	      0.018	      0.392	
      14.527	      0.987	      0.000	      0.000	      0.016	      0.328	
      14.500	      0.897	      0.001	      0.000	      0.016	      0.378	
      14.502	      0.895	      0.001	      0.000	      0.016	      0.680	
      14.363	      0.977	      0.001	      0.000	      0.018	      0.333	
      14.353	      0.885	      0.000	      0.009	      0.017	      0.423	
      14.458	      0.945	      0.001	      0.000	      0.018	      0.324	
      14.381	      1.093	      0.000	      0.000	      0.017	      0.320	
      14.716	      0.899	      0.001	      0.000	      0.017	      0.348	
      14.433	      0.954	      0.001	      0.000	      0.017	      0.355	
      13.180	      0.912	      0.001	      0.000	      0.016	      0.410	
      13.106	      0.904	      0.000	      0.000	      0.015	      0.352	
      13.714	      0.907	      0.001	      0.000	      0.017	      0.333	
      14.295	      0.954	      0.000	      0.000	      0.016	      0.317	
      14.359	      0.943	      0.001	      0.000	      0.016	      0.315	
      14.377	      0.904	      0.001	      0.000	      0.021	      0.337	
      12.929	      0.898	      0.001	      0.000	      0.018	      0.340	
      14.330	      0.951	      0.001	      0.000	      0.018	      0.333	
      14.441	      0.913	      0.001	      0.000	      0.017	      0.376	
      14.673	      1.024	      0.000	      0.000	      0.016	      0.313	
      13.170	      0.962	      0.001	      0.000	      0.017	      0.330	
      13.233	      0.915	      0.000	      0.000	      0.015	      0.330	
      12.996	      0.899	      0.001	      0.000	      0.016	      0.317	
      13.635	      0.960	      0.001	      0.000	      0.018	      0.332	
      14.302	      0.904	      0.001	      0.000	      0.017	      0.378	
      14.110	      0.900	      0.000	      0.000	      0.016	      0.328	
      12.875	      0.945	      0.001	      0.000	      0.019	      0.349	
      12.996	      0.910	      0.001	      0.000	      0.018	      0.387	
      14.384	      0.970	      0.001	      0.000	      0.021	      0.371	
      14.395	      0.975	      0.000	      0.000	      0.017	      0.352	
      14.340	      1.043	      0.000	      0.000	      0.019	      0.346	
      14.881	      0.903	      0.000	      0.000	      0.017	      0.370	
      14.409	      0.954	      0.000	      0.000	      0.017	      0.314	
      14.059	      0.904	      0.001	      0.000	      0.015	      0.332	
      12.989	      0.907	      0.001	      0.000	      0.017	      0.335	
      14.391	      0.883	      0.000	      0.000	      0.016	      0.345	
      13.877	      0.904	      0.001	      0.000	      0.016	      0.323	
      14.364	      0.963	      0.000	      0.000	      0.015	      0.312	
      14.189	      0.892	      0.000	      0.000	      0.016	      0.383	
      14.713	      1.135	      0.000	      0.000	      0.019	      0.319	
      14.449	      0.940	      0.000	      0.000	      0.015	      0.334	
      13.351	      0.926	      0.001	      0.000	      0.016	      0.354	
      13.130	      0.898	      0.000	      0.000	      0.015	      0.325	
      12.890	      0.908	      0.000	      0.000	      0.016	      0.322	
      14.373	      0.906	      0.000	      0.000	      0.015	      0.396	
      14.612	      0.905	      0.000	      0.000	      0.017	      0.313	
      14.486	      0.980	      0.000	      0.000	      0.016	      0.307	
      12.864	      0.908	      0.001	      0.000	      0.017	      0.320	
      12.993	      0.912	      0.000	      0.000	      0.019	      0.336	
      13.064	      0.906	      0.000	      0.000	      0.016	      0.351	
      14.490	      0.911	      0.000	      0.000	      0.018	      0.305	
      13.747	      0.906	      0.000	      0.000	      0.018	      0.307	
      13.541	      0.914	      0.000	      0.000	      0.017	      0.310	
      12.891	      1.045	      0.001	      0.000	      0.017	      0.308	
      13.055	      1.066	      0.001	      0.000	      0.016	      0.305	
      12.981	      1.041	      0.001	      0.000	      0.016	      0.297	
      12.993	      0.913	      0.001	      0.000	      0.094	      0.349	
      13.181	      0.900	      0.000	      0.000	      0.016	      0.301	
      13.076	      0.903	      0.001	      0.000	      0.017	      0.313	
      12.792	      0.902	      0.000	      0.000	      0.017	      0.311	
      13.002	      0.901	      0.001	      0.000	      0.015	      0.319	
      12.995	      0.910	      0.000	      0.000	      0.017	      0.316	
      14.551	      0.923	      0.000	      0.000	      0.018	      0.360	
      14.452	      0.900	      0.000	      0.000	      0.015	      0.302	
      14.443	      0.985	      0.001	      0.000	      0.016	      0.447	
      14.574	      0.906	      0.001	      0.000	      0.017	      0.356	
      13.761	      0.931	      0.000	      0.000	      0.015	      0.319	
      13.563	      0.920	      0.001	      0.000	      0.018	      0.314	
      13.039	      0.901	      0.001	      0.000	      0.018	      0.323	
      12.801	      0.908	      0.001	      0.000	      0.018	      0.313	
      12.970	      0.911	      0.000	      0.000	      0.018	      0.346	
      14.071	      1.130	      0.001	      0.000	      0.017	      0.350	
      14.379	      0.963	      0.001	      0.000	      0.017	      0.309	
      14.465	      1.023	      0.001	      0.000	      0.020	      0.331	
      14.380	      0.872	      0.001	      0.000	      0.016	      0.313	
      14.542	      0.960	      0.001	      0.000	      0.017	      0.300	
      14.630	      0.930	      0.000	      0.000	      0.020	      0.341	
      14.316	      0.910	      0.000	      0.000	      0.018	      0.349	
      13.940	      0.976	      0.000	      0.000	      0.017	      0.329	
      14.877	      0.905	      0.000	      0.000	      0.017	      0.369	
      14.466	      0.903	      0.001	      0.000	      0.017	      0.314	
      14.576	      1.010	      0.000	      0.000	      0.017	      0.327	
      14.479	      0.896	      0.000	      0.000	      0.016	      0.357	
      14.276	      0.908	      0.000	      0.000	      0.017	      0.315	
      14.653	      0.933	      0.001	      0.000	      0.018	      0.322	
      13.023	      0.895	      0.000	      0.000	      0.016	      0.332	
      12.828	      0.896	      0.001	      0.000	      0.017	      0.329	
      13.469	      0.904	      0.001	      0.000	      0.016	      0.336	
      13.103	      0.902	      0.001	      0.000	      0.033	      0.437	
      14.343	      1.075	      0.001	      0.000	      0.016	      0.315	
      13.341	      0.912	      0.000	      0.000	      0.018	      0.353	
      13.277	      0.920	      0.001	      0.000	      0.017	      0.326	
      13.481	      0.970	      0.001	      0.000	      0.023	      0.460	
      13.316	      0.909	      0.001	      0.000	      0.018	      0.332	
      14.447	      0.906	      0.001	      0.000	      0.016	      0.347	
      14.396	      0.905	      0.001	      0.000	      0.016	      0.378	
      13.114	      0.907	      0.000	      0.000	      0.017	      0.324	
      12.860	      0.917	      0.000	      0.000	      0.017	      0.329	
      14.351	      0.950	      0.000	      0.000	      0.018	      0.337	
      13.309	      0.931	      0.001	      0.000	      0.016	      0.321	
      14.824	      1.047	      0.000	      0.000	      0.021	      0.364	
      12.948	      0.918	      0.001	      0.000	      0.018	      0.337	
      13.045	      0.947	      0.001	      0.000	      0.021	      0.337	
      13.304	      0.914	      0.000	      0.000	      0.021	      0.391	
      14.267	      0.999	      0.000	      0.000	      0.017	      0.329	
      12.923	      0.897	      0.000	      0.000	      0.017	      0.319	
      13.174	      0.942	      0.001	      0.000	      0.018	      0.322	
      12.866	      0.916	      0.001	      0.000	      0.018	      0.393	
      12.920	      1.091	      0.000	      0.000	      0.018	      0.394	
      12.947	      0.933	      0.001	      0.000	      0.016	      0.373	
      14.209	      0.945	      0.000	      0.000	      0.017	      0.558	
      13.314	      0.912	      0.000	      0.000	      0.017	      0.362	
      14.162	      0.956	      0.000	      0.000	      0.017	      0.450	
      13.134	      0.912	      0.001	      0.000	      0.017	      0.373	
      13.195	      0.910	      0.001	      0.000	      0.018	      0.373	
      14.372	      0.953	      0.000	      0.000	      0.016	      0.433	
      14.143	      0.970	      0.001	      0.000	      0.015	      0.473	
      14.225	      0.895	      0.001	      0.000	      0.018	      0.429	
      14.420	      0.879	      0.001	      0.000	      0.017	      0.503	
      13.047	      0.929	      0.001	      0.000	      0.022	      0.437	
      14.450	      0.899	      0.001	      0.000	      0.016	      0.413	
      13.089	      0.902	      0.000	      0.000	      0.016	      0.398	
      13.014	      0.914	      0.000	      0.000	      0.017	      0.362	
      12.984	      0.902	      0.001	      0.000	      0.016	      0.413	
      13.038	      0.919	      0.000	      0.000	      0.017	      0.375	
      13.414	      0.912	      0.000	      0.000	      0.017	      0.518	
      14.337	      0.913	      0.000	      0.000	      0.016	      0.414	
      12.945	      0.908	      0.000	      0.000	      0.018	      0.389	
      14.340	      0.895	      0.000	      0.000	      0.018	      0.371	
      14.399	      1.023	      0.001	      0.000	      0.017	      0.379	
      12.878	      0.926	      0.000	      0.000	      0.037	      0.503	
      14.742	      1.061	      0.001	      0.000	      0.016	      0.394	
      14.151	      0.981	      0.000	      0.000	      0.021	      0.412	
      14.466	      0.940	      0.000	      0.000	      0.016	      0.402	
      14.594	      0.914	      0.000	      0.000	      0.057	      0.370	
      14.413	      0.948	      0.001	      0.000	      0.018	      0.372	
      13.277	      0.972	      0.001	      0.000	      0.016	      0.369	
      14.569	      0.906	      0.000	      0.000	      0.018	      0.372	
      12.907	      0.969	      0.001	      0.000	      0.016	      0.358	
      14.358	      0.903	      0.000	      0.000	      0.017	      0.369	
      14.348	      1.126	      0.001	      0.000	      0.017	      0.371	
      14.406	      0.968	      0.000	      0.000	      0.025	      0.543	
      14.523	      0.892	      0.001	      0.000	      0.017	      0.490	
      13.694	      0.918	      0.000	      0.000	      0.017	      0.375	
      14.432	      0.958	      0.001	      0.000	      0.016	      0.431	
      14.339	      0.985	      0.001	      0.000	      0.058	      0.418	
      14.624	      0.921	      0.001	      0.000	      0.018	      0.415	
      14.547	      1.012	      0.000	      0.000	      0.018	      0.360	
      13.253	      1.056	      0.000	      0.000	      0.017	      0.367	
      12.869	      1.039	      0.001	      0.000	      0.016	      0.364	
      12.973	      0.943	      0.000	      0.000	      0.016	      0.359	
      12.922	      0.907	      0.000	      0.000	      0.016	      0.405	
      13.530	      0.944	      0.000	      0.000	      0.016	      0.436	
      14.374	      1.002	      0.001	      0.000	      0.058	      0.371	
      14.415	      0.904	      0.000	      0.000	      0.017	      0.555	
      14.323	      0.876	      0.000	      0.000	      0.017	      0.641	
      14.403	      0.907	      0.000	      0.000	      0.016	      0.475	
      14.311	      0.957	      0.001	      0.000	      0.017	      0.497	
      14.028	      0.986	      0.000	      0.000	      0.018	      0.384	
      13.359	      0.917	      0.000	      0.000	      0.021	      0.472	
      14.488	      0.949	      0.001	      0.000	      0.017	      0.524	
      12.965	      0.917	      0.000	      0.000	      0.016	      0.365	
      14.374	      0.902	      0.000	      0.000	      0.018	      0.523	
      13.031	      0.900	      0.001	      0.000	      0.016	      0.463	
      14.372	      1.058	      0.001	      0.000	      0.017	      0.371	
      14.416	      0.951	      0.001	      0.000	      0.017	      0.533	
      14.462	      0.901	      0.000	      0.000	      0.056	      0.410	
      14.115	      0.957	      0.000	      0.000	      0.016	      0.492	
      13.048	      0.877	      0.001	      0.000	      0.018	      0.463	
      14.139	      1.055	      0.001	      0.000	      0.019	      0.457	
      13.053	      0.909	      0.001	      0.000	      0.017	      0.367	
      14.606	      0.901	      0.001	      0.000	      0.016	      0.511	
      14.035	      0.906	      0.000	      0.000	      0.018	      0.358	
      14.506	      1.049	      0.001	      0.000	      0.017	      0.469	
      13.126	      0.910	      0.000	      0.000	      0.018	      0.375	
      12.973	      0.911	      0.000	      0.000	      0.016	      0.352	
      13.007	      0.898	      0.000	      0.000	      0.016	      0.340	
 