Values recorded at: 02-Jan-2014 15:39:41

     Terrain	    Foliage	   Vehicles	      Items	  Particles	     Bounds	        HUD	

       0.013	      2.618	      0.338	      0.001	      0.199	      0.016	      0.586	

       0.013	      2.606	      0.322	      0.001	      0.193	      0.014	      0.469	
       0.012	      2.555	      0.338	      0.001	      0.206	      0.015	      0.461	
       0.013	      2.653	      0.366	      0.001	      0.302	      0.020	      0.511	
       0.014	      2.738	      0.337	      0.001	      0.233	      0.018	      0.525	
       0.013	      2.657	      0.341	      0.001	      0.223	      0.017	      0.497	
       0.013	      2.638	      0.335	      0.001	      0.234	      0.016	      0.472	
       0.013	      2.643	      0.325	      0.001	      0.189	      0.013	      0.446	
       0.012	      2.613	      0.402	      0.001	      0.176	      0.015	      0.499	
       0.012	      2.563	      0.328	      0.001	      0.193	      0.016	      0.520	
       0.012	      2.575	      0.375	      0.001	      0.181	      0.026	      0.493	
       0.014	      2.604	      0.326	      0.001	      0.216	      0.014	      0.480	
       0.012	      2.554	      0.313	      0.001	      0.223	      0.014	      0.439	
       0.012	      2.617	      0.326	      0.001	      0.238	      0.024	      0.560	
       0.013	      2.731	      0.361	      0.001	      0.216	      0.015	      0.460	
       0.015	      2.804	      0.336	      0.002	      0.188	      0.016	      0.500	
       0.013	      2.643	      0.319	      0.001	      0.177	      0.015	      0.448	
       0.013	      2.604	      0.319	      0.002	      0.160	      0.015	      0.447	
       0.013	      2.541	      0.348	      0.001	      0.167	      0.015	      0.489	
       0.013	      2.588	      0.327	      0.001	      0.173	      0.015	      0.511	
       0.013	      2.693	      0.327	      0.001	      0.166	      0.014	      0.501	
       0.012	      2.564	      0.322	      0.001	      0.183	      0.015	      0.455	
       0.014	      2.705	      0.376	      0.001	      0.181	      0.018	      0.499	
       0.015	      2.658	      0.355	      0.002	      0.239	      0.019	      0.538	
       0.014	      2.597	      0.331	      0.001	      0.218	      0.015	      0.484	
       0.014	      2.646	      0.339	      0.001	      0.220	      0.015	      0.470	
       0.014	      2.637	      0.338	      0.002	      0.225	      0.018	      0.481	
       0.016	      2.745	      0.346	      0.001	      0.181	      0.019	      0.505	
       0.013	      2.672	      0.347	      0.001	      0.162	      0.014	      0.460	
       0.013	      2.635	      0.321	      0.002	      0.159	      0.015	      0.447	
       0.012	      2.583	      0.320	      0.001	      0.168	      0.014	      0.473	
       0.012	      2.518	      0.335	      0.001	      0.162	      0.014	      0.493	
       0.013	      2.620	      0.321	      0.001	      0.165	      0.015	      0.467	
       0.013	      2.580	      0.348	      0.001	      0.198	      0.015	      0.469	
       0.014	      2.630	      0.344	      0.001	      0.219	      0.015	      0.486	
       0.015	      2.589	      0.361	      0.003	      0.379	      0.023	      0.565	
       0.014	      2.778	      0.335	      0.001	      0.218	      0.016	      0.485	
       0.014	      2.734	      0.343	      0.002	      0.225	      0.017	      0.490	
       0.013	      2.618	      0.315	      0.001	      0.196	      0.014	      0.445	
       0.013	      2.591	      0.316	      0.001	      0.170	      0.014	      0.473	
       0.012	      2.585	      0.318	      0.001	      0.171	      0.015	      0.490	
       0.013	      2.609	      0.335	      0.001	      0.174	      0.015	      0.465	
       0.013	      2.587	      0.322	      0.001	      0.255	      0.015	      0.479	
       0.013	      2.583	      0.369	      0.001	      0.203	      0.015	      0.511	
       0.013	      2.561	      0.336	      0.001	      0.202	      0.024	      0.476	
       0.014	      2.573	      0.317	      0.001	      0.261	      0.016	      0.493	
       0.015	      2.656	      0.413	      0.002	      0.216	      0.017	      0.501	
       0.014	      2.737	      0.337	      0.002	      0.213	      0.015	      0.474	
       0.013	      2.601	      0.323	      0.001	      0.222	      0.015	      0.489	
       0.012	      2.541	      0.310	      0.001	      0.209	      0.014	      0.533	
       0.013	      2.660	      0.332	      0.001	      0.174	      0.015	      0.478	
       0.012	      2.571	      0.308	      0.001	      0.166	      0.014	      0.504	
       0.013	      2.523	      0.334	      0.001	      0.169	      0.013	      0.570	
       0.012	      2.575	      0.366	      0.001	      0.173	      0.015	      0.489	
       0.012	      2.557	      0.323	      0.001	      0.173	      0.015	      0.511	
       0.013	      2.544	      0.326	      0.001	      0.173	      0.014	      0.454	
       0.013	      2.767	      0.344	      0.002	      0.183	      0.029	      0.588	
       0.015	      2.664	      0.354	      0.002	      0.202	      0.016	      0.465	
       0.015	      2.662	      0.339	      0.001	      0.201	      0.016	      0.573	
       0.014	      2.721	      0.355	      0.001	      0.234	      0.019	      0.507	
       0.012	      2.671	      0.358	      0.001	      0.219	      0.015	      0.482	
       0.012	      2.603	      0.352	      0.001	      0.211	      0.016	      0.481	
       0.013	      2.582	      0.326	      0.001	      0.176	      0.015	      0.505	
       0.013	      2.651	      0.349	      0.001	      0.199	      0.015	      0.482	
       0.013	      2.635	      0.335	      0.001	      0.180	      0.015	      0.477	
       0.012	      2.533	      0.395	      0.001	      0.174	      0.014	      0.455	
       0.012	      2.570	      0.334	      0.001	      0.235	      0.015	      0.470	
       0.014	      2.700	      0.330	      0.001	      0.171	      0.015	      0.475	
       0.014	      2.633	      0.337	      0.001	      0.182	      0.015	      0.510	
       0.012	      2.589	      0.332	      0.001	      0.171	      0.015	      1.234	
       0.013	      2.572	      0.351	      0.001	      0.219	      0.024	      0.644	
       0.013	      2.598	      0.323	      0.001	      0.202	      0.015	      0.671	
       0.022	      2.579	      0.331	      0.001	      0.233	      0.014	      0.536	
       0.013	      2.564	      0.340	      0.001	      0.198	      0.014	      0.540	
       0.013	      2.561	      0.329	      0.001	      0.185	      0.015	      0.528	
       0.013	      2.616	      0.320	      0.001	      0.168	      0.015	      0.538	
       0.013	      2.649	      0.340	      0.001	      0.221	      0.022	      0.547	
       0.013	      2.642	      0.320	      0.001	      0.165	      0.015	      0.519	
       0.014	      2.579	      0.316	      0.001	      0.172	      0.014	      0.509	
       0.012	      2.490	      0.316	      0.001	      0.163	      0.014	      0.520	
       0.012	      2.551	      0.327	      0.001	      0.167	      0.015	      0.544	
       0.013	      2.574	      0.339	      0.001	      0.180	      0.016	      0.612	
       0.015	      2.635	      0.348	      0.001	      0.186	      0.019	      0.597	
       0.015	      2.657	      0.341	      0.001	      0.245	      0.018	      0.499	
       0.014	      2.608	      0.322	      0.001	      0.219	      0.015	      0.598	
       0.013	      2.622	      0.326	      0.001	      0.223	      0.024	      0.480	
       0.013	      2.712	      0.368	      0.001	      0.213	      0.016	      0.493	
       0.015	      2.730	      0.334	      0.001	      0.180	      0.017	      0.487	
       0.013	      2.733	      0.346	      0.001	      0.174	      0.015	      0.502	
       0.013	      2.670	      0.328	      0.001	      0.174	      0.015	      0.483	
       0.014	      2.576	      0.375	      0.002	      0.196	      0.020	      0.530	
       0.013	      2.617	      0.331	      0.001	      0.179	      0.016	      0.493	
       0.012	      2.535	      0.334	      0.001	      0.182	      0.014	      0.460	
       0.014	      2.625	      0.336	      0.001	      0.213	      0.015	      0.464	
       0.013	      2.588	      0.335	      0.001	      0.213	      0.014	      0.470	
       0.012	      2.646	      0.319	      0.001	      0.202	      0.015	      0.455	
       0.012	      2.585	      0.338	      0.001	      0.213	      0.022	      0.629	
       0.013	      2.690	      0.334	      0.001	      0.171	      0.016	      0.493	
       0.013	      2.671	      0.318	      0.001	      0.164	      0.015	      0.470	
       0.013	      2.613	      0.333	      0.001	      0.166	      0.014	      0.473	
       0.014	      2.612	      0.381	      0.001	      0.175	      0.016	      0.483	
       0.012	      2.498	      0.320	      0.001	      0.168	      0.015	      0.474	
       0.013	      2.604	      0.327	      0.001	      0.180	      0.016	      0.492	
       0.012	      2.542	      0.340	      0.001	      0.178	      0.015	      0.479	
       0.013	      2.558	      0.352	      0.001	      0.170	      0.014	      0.476	
       0.013	      2.812	      0.371	      0.001	      0.186	      0.015	      0.474	
       0.013	      2.590	      0.335	      0.001	      0.222	      0.018	      0.496	
       0.013	      2.609	      0.341	      0.001	      0.222	      0.015	      0.478	
       0.015	      2.654	      0.465	      0.001	      0.229	      0.018	      0.515	
       0.020	      2.696	      0.362	      0.001	      0.216	      0.016	      0.492	
       0.015	      2.659	      0.349	      0.001	      0.211	      0.019	      0.508	
       0.015	      2.693	      0.385	      0.002	      0.174	      0.020	      0.513	
       0.024	      2.630	      0.414	      0.024	      0.175	      0.018	      0.520	
       0.013	      2.615	      0.328	      0.000	      0.167	      0.015	      0.476	
       0.012	      2.584	      0.339	      0.000	      0.183	      0.016	      0.509	
       0.012	      2.600	      0.351	      0.000	      0.172	      0.017	      0.523	
       0.019	      2.660	      0.406	      0.000	      0.167	      0.018	      0.484	
       0.013	      2.569	      0.319	      0.000	      0.164	      0.018	      0.492	
       0.013	      2.577	      0.329	      0.001	      0.169	      0.016	      0.484	
       0.013	      2.683	      0.329	      0.001	      0.224	      0.015	      0.486	
       0.014	      2.664	      0.321	      0.000	      0.192	      0.016	      0.493	
       0.013	      2.627	      0.316	      0.000	      0.216	      0.015	      0.450	
       0.013	      2.572	      0.320	      0.001	      0.217	      0.017	      0.480	
       0.013	      2.596	      0.334	      0.001	      0.227	      0.015	      0.467	
       0.012	      2.549	      0.320	      0.000	      0.213	      0.016	      0.451	
       0.013	      2.595	      0.323	      0.001	      0.178	      0.015	      0.452	
       0.012	      2.573	      0.336	      0.000	      0.180	      0.015	      0.469	
       0.012	      2.538	      0.316	      0.000	      0.175	      0.014	      0.441	
       0.012	      2.519	      0.333	      0.000	      0.172	      0.013	      0.470	
       0.013	      2.576	      0.320	      0.000	      0.178	      0.014	      0.505	
       0.014	      2.650	      0.329	      0.001	      0.220	      0.015	      0.475	
       0.014	      2.722	      0.331	      0.001	      0.215	      0.016	      0.464	
       0.014	      2.665	      0.341	      0.001	      0.217	      0.016	      0.476	
       0.013	      2.621	      0.325	      0.000	      0.235	      0.016	      0.451	
       0.013	      2.605	      0.312	      0.001	      0.194	      0.024	      0.474	
       0.013	      2.656	      0.340	      0.001	      0.188	      0.018	      0.499	
       0.012	      2.583	      0.351	      0.000	      0.168	      0.015	      0.481	
       0.013	      2.552	      0.310	      0.000	      0.166	      0.015	      0.452	
       0.013	      2.572	      0.319	      0.000	      0.176	      0.015	      0.483	
       0.012	      2.555	      0.320	      0.000	      0.201	      0.015	      0.452	
       0.013	      2.565	      0.323	      0.001	      0.170	      0.015	      0.444	
       0.013	      2.605	      0.340	      0.000	      0.237	      0.016	      0.503	
       0.014	      2.682	      0.334	      0.001	      0.229	      0.018	      0.479	
       0.014	      2.718	      0.360	      0.001	      0.216	      0.017	      0.482	
       0.013	      2.683	      0.323	      0.000	      0.229	      0.016	      0.493	
       0.019	      2.656	      0.345	      0.001	      0.235	      0.019	      0.513	
       0.012	      2.570	      0.325	      0.000	      0.204	      0.018	      0.475	
       0.012	      2.580	      0.328	      0.001	      0.189	      0.014	      0.421	
       0.012	      2.679	      0.322	      0.000	      0.178	      0.015	      0.473	
       0.013	      2.594	      0.316	      0.000	      0.173	      0.014	      0.446	
       0.013	      2.570	      0.327	      0.000	      0.180	      0.015	      0.462	
       0.012	      2.530	      0.381	      0.000	      0.175	      0.014	      0.508	
       0.012	      2.552	      0.336	      0.001	      0.251	      0.015	      0.528	
       0.014	      2.736	      0.354	      0.001	      0.217	      0.016	      0.490	
       0.017	      2.717	      0.340	      0.001	      0.216	      0.018	      0.522	
       0.013	      2.583	      0.355	      0.000	      0.199	      0.016	      0.497	
       0.013	      2.634	      0.341	      0.000	      0.210	      0.016	      0.501	
       0.013	      2.645	      0.321	      0.000	      0.203	      0.021	      0.483	
       0.013	      2.596	      0.322	      0.001	      0.210	      0.015	      0.458	
       0.012	      2.529	      0.303	      0.000	      0.213	      0.014	      0.447	
       0.012	      2.548	      0.303	      0.000	      0.221	      0.015	      0.438	
       0.013	      2.582	      0.336	      0.001	      0.172	      0.018	      0.483	
       0.012	      2.630	      0.320	      0.001	      0.211	      0.015	      0.486	
       0.013	      2.571	      0.335	      0.000	      0.177	      0.015	      0.461	
       0.012	      2.508	      0.307	      0.001	      0.192	      0.014	      0.473	
       0.013	      2.620	      0.318	      0.001	      0.188	      0.015	      1.785	
       0.017	      2.662	      0.352	      0.001	      0.217	      0.018	      1.693	
       0.013	      2.671	      0.331	      0.001	      0.215	      0.015	      1.724	
       0.014	      2.549	      0.366	      0.001	      0.245	      0.015	      1.867	
       0.014	      2.668	      0.346	      0.001	      0.228	      0.018	      1.515	
       0.013	      2.619	      0.410	      0.010	      0.213	      0.015	      1.304	
       0.013	      2.671	      0.321	      0.001	      0.207	      0.015	      1.280	
       0.013	      2.554	      0.331	      0.001	      0.175	      0.016	      1.272	
       0.013	      2.673	      0.345	      0.001	      0.173	      0.017	      1.270	
       0.016	      2.577	      0.343	      0.001	      0.188	      0.024	      1.062	
       0.012	      2.550	      0.314	      0.001	      0.186	      0.014	      0.955	
       0.013	      2.599	      0.339	      0.001	      0.160	      0.014	      0.980	
       0.014	      2.615	      0.349	      0.002	      0.230	      0.032	      1.167	
       0.013	      2.695	      0.338	      0.001	      0.171	      0.015	      1.067	
       0.012	      2.567	      0.339	      0.001	      0.241	      0.015	      0.984	
       0.013	      2.586	      0.346	      0.001	      0.204	      0.015	      1.048	
       0.013	      2.565	      0.344	      0.001	      0.232	      0.015	      1.160	
       0.013	      2.560	      0.315	      0.001	      0.217	      0.014	      1.121	
       0.013	      2.641	      0.327	      0.001	      0.223	      0.014	      1.090	
       0.013	      2.618	      0.316	      0.001	      0.214	      0.013	      1.151	
       0.012	      2.677	      0.346	      0.001	      0.181	      0.015	      1.273	
       0.014	      2.736	      0.329	      0.001	      0.186	      0.015	      1.164	
       0.012	      2.551	      0.309	      0.001	      0.175	      0.014	      0.959	
       0.013	      2.609	      0.338	      0.001	      0.199	      0.015	      1.066	
       0.012	      2.552	      0.359	      0.001	      0.203	      0.015	      1.082	
       0.014	      2.638	      0.343	      0.001	      0.226	      0.015	      1.142	
       0.013	      2.598	      0.348	      0.001	      0.232	      0.018	      1.051	
       0.013	      2.606	      0.317	      0.001	      0.233	      0.014	      1.170	
       0.013	      2.633	      0.360	      0.001	      0.183	      0.015	      1.195	
       0.017	      2.730	      0.348	      0.002	      0.185	      0.019	      1.180	
       0.013	      2.577	      0.324	      0.001	      0.181	      0.015	      0.529	
       0.012	      2.506	      0.353	      0.001	      0.180	      0.015	      0.470	
       0.012	      2.608	      0.310	      0.001	      0.166	      0.015	      0.467	
       0.013	      2.565	      0.312	      0.001	      0.167	      0.014	      0.446	
       0.013	      2.599	      0.337	      0.001	      0.198	      0.014	      0.487	
       0.014	      2.610	      0.353	      0.001	      0.201	      0.014	      0.460	
       0.013	      2.579	      0.325	      0.001	      0.216	      0.015	      0.505	
       0.014	      2.556	      0.334	      0.001	      0.248	      0.016	      0.479	
       0.012	      2.694	      0.340	      0.001	      0.210	      0.015	      0.466	
       0.014	      2.710	      0.326	      0.001	      0.215	      0.015	      0.563	
       0.012	      2.657	      0.329	      0.001	      0.179	      0.015	      0.523	
       0.013	      2.633	      0.349	      0.001	      0.179	      0.015	      0.478	
       0.012	      2.538	      0.352	      0.001	      0.179	      0.015	      0.491	
       0.013	      2.615	      0.331	      0.001	      0.177	      0.015	      0.497	
       0.012	      2.612	      0.328	      0.001	      0.175	      0.015	      0.497	
       0.013	      2.585	      0.329	      0.001	      0.185	      0.015	      0.466	
       0.012	      2.526	      0.345	      0.001	      0.168	      0.013	      0.438	
       0.013	      2.663	      0.381	      0.002	      0.286	      0.019	      0.526	
       0.024	      2.776	      0.379	      0.001	      0.217	      0.015	      0.523	
       0.013	      2.614	      0.346	      0.001	      0.223	      0.016	      0.492	
       0.013	      2.622	      0.360	      0.001	      0.209	      0.015	      0.479	
       0.012	      2.594	      0.339	      0.001	      0.217	      0.017	      0.478	
       0.013	      2.578	      0.337	      0.002	      0.174	      0.016	      0.486	
       0.012	      2.665	      0.306	      0.002	      0.158	      0.014	      0.441	
       0.012	      2.535	      0.345	      0.001	      0.177	      0.014	      0.484	
       0.018	      2.627	      0.360	      0.001	      0.185	      0.019	      0.508	
       0.017	      2.639	      0.348	      0.001	      0.175	      0.017	      0.527	
       0.013	      2.626	      0.360	      0.001	      0.232	      0.025	      0.567	
       0.014	      2.701	      0.337	      0.001	      0.226	      0.015	      0.500	
       0.014	      2.693	      0.331	      0.001	      0.224	      0.016	      0.480	
       0.012	      2.611	      0.322	      0.001	      0.216	      0.015	      0.459	
       0.013	      2.638	      0.328	      0.001	      0.224	      0.015	      0.460	
       0.013	      2.634	      0.332	      0.001	      0.179	      0.015	      0.469	
       0.013	      2.678	      0.334	      0.001	      0.187	      0.016	      0.480	
       0.012	      2.608	      0.327	      0.001	      0.180	      0.015	      0.495	
       0.012	      2.494	      0.344	      0.001	      0.174	      0.015	      0.497	
       0.013	      2.628	      0.349	      0.001	      0.195	      0.017	      0.506	
       0.013	      2.591	      0.322	      0.001	      0.177	      0.013	      0.506	
       0.022	      2.564	      0.347	      0.002	      0.230	      0.015	      0.463	
       0.015	      2.704	      0.334	      0.001	      0.225	      0.015	      0.499	
       0.013	      2.603	      0.321	      0.001	      0.202	      0.015	      0.475	
       0.013	      2.623	      0.342	      0.001	      0.329	      0.015	      0.445	
       0.013	      2.644	      0.316	      0.001	      0.200	      0.015	      0.460	
       0.013	      2.621	      0.319	      0.001	      0.164	      0.015	      0.477	
       0.012	      2.628	      0.348	      0.001	      0.164	      0.015	      0.514	
       0.013	      2.620	      0.315	      0.001	      0.179	      0.013	      0.440	
 