Values recorded at: 20-Nov-2014 17:30:30

   Collision	    Weather	Deformation	    Buffers	

       0.000	      0.000	      0.012	      0.000	

       0.000	      0.000	      0.010	      0.000	
       0.000	      0.000	      0.010	      0.000	
       0.000	      0.000	      0.011	      0.000	
       0.000	      0.000	      0.011	      0.000	
       0.000	      0.000	      0.011	      0.000	
       0.000	      0.000	      0.011	      0.000	
       0.000	      0.000	      0.011	      0.000	
       0.000	      0.000	      0.011	      0.000	
       0.000	      0.000	      0.011	      0.000	
       0.000	      0.000	      0.010	      0.000	
       0.000	      0.000	      0.011	      0.000	
       0.000	      0.000	      0.009	      0.000	
       0.000	      0.000	      0.012	      0.000	
       0.000	      0.000	      0.012	      0.000	
       0.000	      0.000	      0.011	      0.000	
       0.000	      0.000	      0.011	      0.000	
       0.000	      0.000	      0.011	      0.000	
       0.000	      0.000	      0.011	      0.000	
       0.000	      0.000	      0.011	      0.000	
       0.000	      0.000	      0.011	      0.000	
       0.000	      0.000	      0.011	      0.000	
       0.000	      0.000	      0.009	      0.000	
       0.000	      0.000	      0.010	      0.000	
       0.000	      0.000	      0.011	      0.000	
       0.000	      0.000	      0.011	      0.000	
       0.000	      0.000	      0.012	      0.000	
       0.000	      0.000	      0.011	      0.000	
       0.000	      0.000	      0.011	      0.000	
       0.000	      0.000	      0.012	      0.000	
       0.000	      0.000	      0.012	      0.000	
       0.000	      0.000	      0.010	      0.000	
       0.000	      0.000	      0.011	      0.000	
       0.000	      0.000	      0.012	      0.000	
       0.000	      0.000	      0.013	      0.000	
       0.000	      0.000	      0.032	      0.000	
       0.000	      0.000	      0.012	      0.000	
       0.000	      0.000	      0.012	      0.000	
       0.000	      0.000	      0.009	      0.000	
       0.000	      0.000	      0.012	      0.000	
       0.000	      0.000	      0.012	      0.000	
       0.000	      0.000	      0.013	      0.000	
       0.000	      0.000	      0.013	      0.000	
       0.000	      0.000	      0.009	      0.000	
       0.000	      0.000	      0.013	      0.000	
       0.000	      0.000	      0.012	      0.000	
       0.000	      0.000	      0.013	      0.000	
       0.000	      0.000	      0.011	      0.000	
       0.000	      0.000	      0.011	      0.000	
       0.000	      0.000	      0.012	      0.000	
       0.000	      0.000	      0.013	      0.000	
       0.000	      0.000	      0.011	      0.000	
       0.000	      0.000	      0.012	      0.000	
       0.000	      0.000	      0.012	      0.000	
       0.000	      0.000	      0.013	      0.000	
       0.000	      0.000	      0.011	      0.000	
       0.000	      0.000	      0.010	      0.000	
       0.000	      0.000	      0.012	      0.000	
       0.000	      0.000	      0.012	      0.000	
       0.000	      0.000	      0.011	      0.000	
       0.000	      0.000	      0.009	      0.000	
       0.000	      0.000	      0.012	      0.000	
       0.000	      0.000	      0.012	      0.000	
       0.000	      0.000	      0.012	      0.000	
       0.000	      0.000	      0.012	      0.000	
       0.000	      0.000	      0.012	      0.000	
       0.000	      0.000	      0.012	      0.000	
       0.000	      0.000	      0.012	      0.000	
       0.000	      0.000	      0.011	      0.000	
       0.000	      0.000	      0.011	      0.000	
       0.000	      0.000	      0.012	      0.000	
       0.000	      0.000	      0.013	      0.000	
       0.000	      0.000	      0.010	      0.000	
       0.000	      0.000	      0.011	      0.000	
       0.000	      0.000	      0.011	      0.000	
       0.000	      0.000	      0.012	      0.000	
       0.000	      0.000	      0.012	      0.000	
       0.000	      0.000	      0.010	      0.000	
       0.000	      0.000	      0.012	      0.000	
       0.000	      0.000	      0.012	      0.000	
       0.000	      0.000	      0.012	      0.000	
       0.000	      0.000	      0.007	      0.000	
       0.000	      0.000	      0.012	      0.000	
       0.000	      0.000	      0.013	      0.000	
       0.000	      0.000	      0.012	      0.000	
       0.000	      0.000	      0.012	      0.000	
       0.000	      0.000	      0.011	      0.000	
       0.000	      0.000	      0.012	      0.000	
       0.000	      0.000	      0.012	      0.000	
       0.000	      0.000	      0.012	      0.000	
       0.000	      0.000	      0.012	      0.000	
       0.000	      0.000	      0.012	      0.000	
       0.000	      0.000	      0.012	      0.000	
       0.000	      0.000	      0.012	      0.000	
       0.000	      0.000	      0.012	      0.000	
       0.000	      0.000	      0.012	      0.000	
       0.000	      0.000	      0.012	      0.000	
       0.000	      0.000	      0.013	      0.000	
       0.000	      0.000	      0.011	      0.000	
       0.000	      0.000	      0.011	      0.000	
       0.000	      0.000	      0.012	      0.000	
       0.000	      0.000	      0.012	      0.000	
       0.000	      0.000	      0.011	      0.000	
       0.000	      0.000	      0.012	      0.000	
       0.000	      0.000	      0.013	      0.000	
       0.000	      0.000	      0.012	      0.000	
       0.000	      0.000	      0.009	      0.000	
       0.000	      0.000	      0.012	      0.000	
       0.000	      0.000	      0.012	      0.000	
       0.000	      0.000	      0.012	      0.000	
       0.000	      0.000	      0.012	      0.000	
       0.000	      0.000	      0.012	      0.000	
       0.000	      0.000	      0.012	      0.000	
       0.000	      0.000	      0.013	      0.000	
       0.000	      0.000	      0.012	      0.000	
       0.000	      0.000	      0.014	      0.000	
       0.000	      0.000	      0.012	      0.000	
       0.000	      0.000	      0.012	      0.000	
       0.000	      0.000	      0.011	      0.000	
       0.000	      0.000	      0.011	      0.000	
       0.000	      0.000	      0.012	      0.000	
       0.000	      0.000	      0.011	      0.000	
       0.000	      0.000	      0.012	      0.000	
       0.000	      0.000	      0.012	      0.000	
       0.000	      0.000	      0.010	      0.000	
       0.000	      0.000	      0.012	      0.000	
       0.000	      0.000	      0.012	      0.000	
       0.000	      0.000	      0.013	      0.000	
       0.000	      0.000	      0.010	      0.000	
       0.000	      0.000	      0.013	      0.000	
       0.000	      0.000	      0.012	      0.000	
       0.000	      0.000	      0.012	      0.000	
       0.000	      0.000	      0.011	      0.000	
       0.000	      0.000	      0.012	      0.000	
       0.000	      0.000	      0.012	      0.000	
       0.000	      0.000	      0.011	      0.000	
       0.000	      0.000	      0.013	      0.000	
       0.000	      0.000	      0.012	      0.000	
       0.000	      0.000	      0.012	      0.000	
       0.000	      0.000	      0.012	      0.000	
       0.000	      0.000	      0.011	      0.000	
       0.000	      0.000	      0.011	      0.000	
       0.000	      0.000	      0.013	      0.000	
       0.000	      0.000	      0.013	      0.000	
       0.000	      0.000	      0.012	      0.000	
       0.000	      0.000	      0.011	      0.000	
       0.000	      0.000	      0.008	      0.000	
       0.000	      0.000	      0.012	      0.000	
       0.000	      0.000	      0.012	      0.000	
       0.000	      0.000	      0.012	      0.000	
       0.000	      0.000	      0.009	      0.000	
       0.000	      0.000	      0.012	      0.000	
       0.000	      0.000	      0.012	      0.000	
       0.000	      0.000	      0.012	      0.000	
       0.000	      0.000	      0.010	      0.000	
       0.000	      0.000	      0.012	      0.000	
       0.000	      0.000	      0.012	      0.000	
       0.000	      0.000	      0.012	      0.000	
       0.000	      0.000	      0.012	      0.000	
       0.000	      0.000	      0.012	      0.000	
       0.000	      0.000	      0.011	      0.000	
       0.000	      0.000	      0.012	      0.000	
       0.000	      0.000	      0.011	      0.000	
       0.000	      0.000	      0.012	      0.000	
       0.000	      0.000	      0.012	      0.000	
       0.000	      0.000	      0.012	      0.000	
       0.000	      0.000	      0.012	      0.000	
       0.000	      0.000	      0.012	      0.000	
       0.000	      0.000	      0.012	      0.000	
       0.000	      0.000	      0.011	      0.000	
       0.000	      0.000	      0.012	      0.000	
       0.000	      0.000	      0.012	      0.000	
       0.000	      0.000	      0.012	      0.000	
       0.000	      0.000	      0.012	      0.000	
       0.000	      0.000	      0.012	      0.000	
       0.000	      0.000	      0.011	      0.000	
       0.000	      0.000	      0.012	      0.000	
       0.000	      0.000	      0.011	      0.000	
       0.000	      0.000	      0.012	      0.000	
       0.000	      0.000	      0.012	      0.000	
       0.000	      0.000	      0.012	      0.000	
       0.000	      0.000	      0.012	      0.000	
       0.000	      0.000	      0.011	      0.000	
       0.000	      0.000	      0.012	      0.000	
       0.000	      0.000	      0.012	      0.000	
       0.000	      0.000	      0.012	      0.000	
       0.000	      0.000	      0.012	      0.000	
       0.000	      0.000	      0.011	      0.000	
       0.000	      0.000	      0.012	      0.000	
       0.000	      0.000	      0.013	      0.000	
       0.000	      0.000	      0.012	      0.000	
       0.000	      0.000	      0.011	      0.000	
       0.000	      0.000	      0.011	      0.000	
       0.000	      0.000	      0.011	      0.000	
       0.000	      0.000	      0.011	      0.000	
       0.000	      0.000	      0.008	      0.000	
       0.000	      0.000	      0.012	      0.000	
       0.000	      0.000	      0.012	      0.000	
       0.000	      0.000	      0.011	      0.000	
       0.000	      0.000	      0.012	      0.000	
       0.000	      0.000	      0.011	      0.000	
       0.000	      0.000	      0.012	      0.000	
       0.000	      0.000	      0.012	      0.000	
       0.000	      0.000	      0.011	      0.000	
       0.000	      0.000	      0.012	      0.000	
       0.000	      0.000	      0.010	      0.000	
       0.000	      0.000	      0.014	      0.000	
       0.000	      0.000	      0.011	      0.000	
       0.000	      0.000	      0.012	      0.000	
       0.000	      0.000	      0.011	      0.000	
       0.000	      0.000	      0.012	      0.000	
       0.000	      0.000	      0.012	      0.000	
       0.000	      0.000	      0.010	      0.000	
       0.000	      0.000	      0.011	      0.000	
       0.000	      0.000	      0.012	      0.000	
       0.000	      0.000	      0.015	      0.000	
       0.000	      0.000	      0.014	      0.000	
       0.000	      0.000	      0.011	      0.000	
       0.000	      0.000	      0.011	      0.000	
       0.000	      0.000	      0.011	      0.000	
       0.000	      0.000	      0.010	      0.000	
       0.000	      0.000	      0.011	      0.000	
       0.000	      0.000	      0.012	      0.000	
       0.000	      0.000	      0.011	      0.000	
       0.000	      0.000	      0.011	      0.000	
       0.000	      0.000	      0.012	      0.000	
       0.000	      0.000	      0.012	      0.000	
       0.000	      0.000	      0.011	      0.000	
       0.000	      0.000	      0.007	      0.000	
       0.000	      0.000	      0.012	      0.000	
       0.000	      0.000	      0.011	      0.000	
       0.000	      0.000	      0.011	      0.000	
       0.000	      0.000	      0.012	      0.000	
       0.000	      0.000	      0.010	      0.000	
       0.000	      0.000	      0.011	      0.000	
       0.000	      0.000	      0.011	      0.000	
       0.000	      0.000	      0.011	      0.000	
       0.000	      0.000	      0.009	      0.000	
       0.000	      0.000	      0.011	      0.000	
       0.000	      0.000	      0.012	      0.000	
       0.000	      0.000	      0.012	      0.000	
 