Values recorded at: 29-Apr-2013 19:59:57

     Terrain	    Foliage	   Vehicles	      Items	  Particles	     Bounds	        HUD	

       0.884	      1.027	      0.690	      0.001	      0.604	      0.002	      0.325	

       0.762	      0.961	      0.614	      0.001	      0.544	      0.002	      0.319	
       0.855	      1.028	      0.870	      0.001	      0.824	      0.002	      0.290	
       1.117	      0.972	      0.752	      0.000	      0.466	      0.004	      0.379	
       0.747	      0.948	      0.561	      0.000	      0.511	      0.001	      0.280	
       1.244	      1.219	      0.614	      0.001	      0.593	      0.002	      0.319	
       1.666	      1.009	      0.585	      0.000	      0.478	      0.002	      0.290	
       0.746	      0.948	      0.576	      0.000	      0.481	      0.001	      0.286	
       0.762	      1.016	      0.706	      0.001	      0.533	      0.001	      0.291	
       0.746	      0.990	      0.580	      0.000	      0.522	      0.001	      0.347	
       0.772	      1.005	      0.685	      0.001	      0.594	      0.003	      0.399	
       0.989	      0.966	      0.713	      0.001	      0.910	      0.002	      0.285	
       0.727	      1.081	      0.684	      0.001	      0.546	      0.002	      0.355	
       0.808	      0.969	      0.660	      0.000	      0.503	      0.001	      0.281	
       1.304	      0.965	      0.641	      0.001	      0.452	      0.002	      0.295	
       0.773	      1.004	      0.677	      0.001	      0.526	      0.002	      0.278	
       0.768	      0.955	      0.579	      0.001	      0.487	      0.002	      0.302	
       0.768	      0.951	      0.580	      0.001	      0.482	      0.002	      0.299	
       0.811	      1.004	      0.585	      0.001	      0.651	      0.003	      0.301	
       1.039	      1.124	      0.694	      0.001	      0.842	      0.003	      0.336	
       0.851	      0.946	      0.585	      0.000	      0.508	      0.002	      0.289	
       0.889	      1.151	      0.897	      0.001	      0.708	      0.006	      0.446	
       0.777	      1.013	      0.620	      0.001	      0.697	      0.002	      0.318	
       0.752	      0.957	      0.578	      0.000	      0.463	      0.001	      0.287	
       0.780	      1.012	      0.580	      0.000	      0.701	      0.002	      0.324	
       0.898	      1.228	      0.866	      0.000	      0.467	      0.002	      0.306	
       0.730	      1.046	      0.713	      0.000	      0.701	      0.003	      0.384	
       1.159	      1.022	      0.805	      0.000	      0.983	      0.002	      0.429	
       0.785	      1.014	      0.701	      0.000	      1.106	      0.004	      0.544	
       0.759	      1.155	      0.700	      0.000	      0.560	      0.003	      0.336	
       0.741	      0.959	      0.585	      0.000	      0.485	      0.002	      0.283	
       0.760	      1.014	      0.583	      0.001	      0.451	      0.003	      0.346	
       0.749	      0.949	      0.647	      0.000	      0.584	      0.002	      0.315	
       0.771	      1.004	      0.736	      0.001	      0.789	      0.003	      0.417	
       0.860	      1.015	      0.794	      0.001	      0.799	      0.002	      0.298	
       1.071	      0.954	      0.628	      0.001	      0.518	      0.004	      0.422	
       0.743	      0.950	      0.586	      0.001	      0.484	      0.001	      0.283	
       1.242	      1.248	      0.587	      0.001	      0.697	      0.003	      0.325	
       1.700	      1.054	      0.594	      0.000	      0.479	      0.003	      0.345	
       0.810	      1.021	      0.642	      0.000	      0.462	      0.002	      0.294	
       0.792	      0.983	      1.356	      0.000	      0.584	      0.003	      0.307	
       0.796	      1.024	      0.584	      0.000	      0.516	      0.005	      0.352	
       1.028	      0.978	      0.680	      0.001	      0.890	      0.002	      0.320	
       0.952	      0.977	      0.609	      0.001	      0.474	      0.001	      0.329	
       0.823	      1.206	      0.925	      0.001	      0.737	      0.007	      0.380	
       0.776	      0.981	      0.619	      0.000	      0.663	      0.002	      0.296	
       0.753	      1.123	      0.718	      0.000	      0.684	      0.002	      0.295	
       0.725	      0.978	      0.576	      0.000	      0.696	      0.003	      0.354	
       0.732	      0.996	      0.607	      0.001	      0.507	      0.001	      0.290	
       0.764	      1.013	      0.597	      0.000	      0.542	      0.002	      0.358	
       0.987	      0.972	      0.620	      0.001	      0.745	      0.002	      0.292	
       1.102	      1.278	      0.747	      0.000	      0.491	      0.003	      0.356	
       0.745	      0.984	      0.579	      0.001	      0.481	      0.002	      0.283	
       0.978	      1.016	      0.791	      0.002	      1.304	      0.002	      0.334	
       0.778	      1.232	      0.703	      0.000	      0.614	      0.003	      0.338	
       0.765	      1.298	      0.727	      0.000	      0.628	      0.002	      0.378	
       0.759	      0.974	      0.582	      0.000	      0.493	      0.001	      0.289	
       0.788	      1.013	      0.591	      0.000	      0.518	      0.002	      0.368	
       1.085	      0.972	      0.659	      0.001	      0.804	      0.003	      0.302	
       0.945	      0.985	      0.596	      0.001	      0.452	      0.002	      0.290	
       0.764	      1.285	      1.040	      0.000	      0.676	      0.002	      0.351	
       0.831	      0.999	      0.682	      0.001	      0.754	      0.002	      0.367	
       0.822	      1.038	      0.684	      0.000	      0.509	      0.002	      0.287	
       0.925	      1.005	      0.900	      0.000	      0.472	      0.002	      0.310	
       0.747	      0.987	      0.687	      0.000	      0.604	      0.002	      0.295	
       0.788	      0.986	      0.706	      0.000	      0.597	      0.002	      0.317	
       1.015	      1.055	      0.750	      0.001	      0.808	      0.002	      0.286	
       0.890	      0.983	      0.580	      0.000	      0.525	      0.002	      0.313	
       0.779	      0.945	      0.597	      0.000	      0.548	      0.002	      0.321	
       0.899	      1.029	      0.857	      0.001	      1.185	      0.002	      0.322	
       1.724	      0.965	      0.698	      0.000	      0.465	      0.003	      0.370	
       1.599	      0.978	      0.610	      0.001	      0.461	      0.002	      0.292	
       0.833	      1.019	      0.654	      0.001	      0.501	      0.003	      0.359	
       0.900	      1.218	      1.008	      0.001	      0.606	      0.003	      0.325	
       0.759	      0.964	      0.626	      0.000	      0.477	      0.002	      0.293	
       0.852	      1.017	      0.684	      0.001	      0.880	      0.006	      0.559	
       0.906	      0.972	      0.671	      0.000	      0.503	      0.002	      0.292	
       1.223	      0.983	      0.587	      0.001	      0.496	      0.005	      0.402	
       1.098	      0.974	      0.750	      0.001	      0.786	      0.001	      0.284	
       1.098	      1.014	      0.881	      0.000	      0.631	      0.002	      0.298	
       1.001	      1.048	      0.665	      0.000	      0.789	      0.002	      0.401	
       0.853	      1.043	      0.703	      0.000	      0.934	      0.002	      0.307	
       0.857	      1.027	      0.725	      0.000	      0.678	      0.003	      0.461	
       0.798	      1.010	      0.583	      0.000	      0.478	      0.002	      0.326	
       0.793	      0.978	      0.731	      0.001	      0.552	      0.002	      0.343	
       0.772	      0.948	      0.581	      0.000	      0.498	      0.001	      0.294	
       0.771	      1.063	      0.721	      0.000	      0.541	      0.002	      0.388	
       0.763	      0.987	      0.576	      0.000	      0.473	      0.002	      0.290	
       0.756	      0.991	      0.601	      0.000	      0.507	      0.001	      0.284	
       0.771	      0.974	      0.582	      0.000	      0.495	      0.002	      0.322	
       0.772	      0.980	      0.685	      0.001	      0.521	      0.002	      0.286	
       0.766	      0.997	      0.711	      0.000	      0.517	      0.001	      0.299	
       0.775	      0.987	      0.704	      0.001	      0.561	      0.002	      0.277	
       0.772	      0.957	      0.713	      0.000	      0.535	      0.002	      0.291	
       0.763	      0.962	      0.575	      0.000	      0.473	      0.002	      0.292	
       0.754	      0.969	      0.698	      0.000	      0.595	      0.002	      0.309	
       0.814	      0.984	      0.735	      0.001	      0.514	      0.002	      0.334	
       0.812	      0.967	      0.595	      0.001	      0.544	      0.003	      0.313	
       0.767	      0.967	      0.736	      0.001	      0.509	      0.002	      0.315	
       0.770	      1.002	      0.595	      0.001	      0.515	      0.003	      0.319	
       0.870	      1.040	      0.699	      0.001	      0.498	      0.004	      0.330	
       0.815	      1.016	      0.863	      0.001	      0.765	      0.002	      0.303	
       1.088	      1.040	      0.952	      0.000	      0.507	      0.002	      0.323	
       0.760	      0.972	      0.579	      0.000	      0.462	      0.002	      0.292	
       1.313	      1.326	      0.671	      0.000	      0.975	      0.002	      0.327	
       1.781	      1.004	      0.610	      0.000	      0.472	      0.002	      0.297	
       0.865	      0.990	      0.580	      0.001	      0.469	      0.002	      0.293	
       0.780	      0.979	      0.686	      0.000	      0.502	      0.002	      0.284	
       0.795	      0.962	      0.579	      0.001	      0.478	      0.002	      0.289	
       0.749	      0.988	      0.579	      0.001	      0.520	      0.003	      0.375	
       0.757	      1.291	      0.691	      0.000	      0.583	      0.002	      0.353	
       0.780	      1.138	      0.763	      0.001	      0.724	      0.003	      0.294	
       1.237	      1.035	      0.699	      0.001	      0.501	      0.005	      0.438	
       1.009	      0.955	      0.851	      0.000	      0.507	      0.002	      0.298	
       0.934	      1.217	      0.607	      0.001	      1.604	      0.002	      0.342	
       0.768	      1.203	      0.689	      0.002	      0.498	      0.002	      0.288	
       0.795	      0.996	      0.752	      0.000	      0.534	      0.002	      0.292	
       0.886	      1.107	      0.608	      0.001	      0.895	      0.003	      0.340	
       1.024	      0.980	      0.824	      0.001	      0.641	      0.002	      0.339	
       0.770	      1.008	      0.579	      0.000	      0.488	      0.002	      0.317	
       0.807	      0.990	      0.709	      0.001	      0.509	      0.002	      0.299	
       1.715	      0.966	      0.756	      0.000	      0.473	      0.002	      0.310	
       0.792	      0.963	      0.714	      0.000	      0.523	      0.002	      0.291	
       0.763	      1.029	      0.576	      0.000	      0.467	      0.003	      0.321	
       0.778	      1.064	      0.691	      0.001	      0.564	      0.003	      0.305	
       1.017	      1.284	      0.934	      0.001	      1.531	      0.002	      0.349	
       1.085	      1.387	      0.761	      0.001	      0.544	      0.002	      0.319	
       0.755	      0.968	      0.762	      0.000	      0.507	      0.002	      0.293	
       0.756	      1.066	      0.697	      0.001	      0.532	      0.002	      0.351	
       0.786	      1.085	      0.708	      0.000	      0.593	      0.002	      0.308	
       0.931	      1.445	      0.717	      0.001	      0.530	      0.005	      0.444	
       1.069	      0.972	      0.852	      0.000	      0.624	      0.002	      0.290	
       0.832	      1.230	      0.963	      0.001	      0.711	      0.003	      0.340	
       0.798	      0.962	      0.712	      0.001	      0.473	      0.002	      0.293	
       0.760	      1.030	      0.684	      0.000	      0.520	      0.002	      0.295	
       0.785	      0.971	      0.570	      0.001	      0.513	      0.002	      0.297	
       0.751	      0.946	      0.582	      0.000	      0.490	      0.002	      0.292	
       0.759	      1.148	      0.639	      0.000	      0.620	      0.003	      0.347	
       0.788	      1.267	      0.759	      0.001	      0.736	      0.004	      0.375	
       1.061	      1.050	      0.653	      0.001	      0.462	      0.004	      0.423	
       0.739	      1.166	      0.824	      0.000	      0.526	      0.002	      0.298	
       1.578	      0.989	      0.690	      0.000	      0.490	      0.002	      0.300	
       0.767	      0.957	      0.574	      0.000	      0.474	      0.002	      0.281	
       0.752	      0.945	      0.584	      0.000	      0.544	      0.001	      0.284	
       0.770	      1.280	      0.707	      0.000	      0.527	      0.002	      0.336	
       0.807	      1.122	      0.638	      0.000	      0.609	      0.003	      0.320	
       1.093	      1.034	      0.742	      0.000	      0.805	      0.004	      0.362	
       0.953	      1.015	      0.868	      0.001	      0.798	      0.004	      0.575	
       1.635	      1.044	      0.618	      0.001	      0.503	      0.002	      0.302	
       0.793	      0.980	      0.700	      0.000	      0.529	      0.001	      0.301	
       0.757	      0.966	      0.622	      0.000	      0.606	      0.002	      0.290	
       0.747	      0.967	      0.573	      0.000	      0.468	      0.002	      0.357	
       0.795	      0.995	      0.593	      0.000	      0.819	      0.002	      0.305	
       0.801	      1.064	      0.912	      0.001	      0.776	      0.004	      0.313	
       0.770	      1.013	      0.689	      0.000	      0.518	      0.002	      0.299	
       1.069	      1.158	      0.584	      0.001	      1.137	      0.002	      0.322	
       0.737	      0.983	      0.582	      0.000	      0.503	      0.003	      0.366	
       0.790	      0.949	      0.578	      0.000	      0.478	      0.002	      0.283	
       0.824	      1.002	      0.585	      0.000	      0.467	      0.002	      0.299	
       1.127	      0.996	      0.797	      0.000	      0.650	      0.002	      0.296	
       0.771	      1.012	      0.821	      0.000	      0.950	      0.002	      0.521	
       0.813	      0.967	      0.583	      0.000	      0.486	      0.002	      0.288	
       0.883	      0.972	      1.072	      0.000	      0.508	      0.002	      0.296	
       0.774	      1.000	      0.685	      0.001	      0.549	      0.002	      0.288	
       0.743	      0.953	      0.651	      0.000	      0.571	      0.001	      0.285	
       0.869	      1.008	      0.665	      0.000	      0.526	      0.005	      0.437	
       0.872	      1.127	      0.597	      0.001	      0.503	      0.003	      0.323	
       0.724	      0.972	      0.578	      0.000	      0.468	      0.002	      0.297	
       0.919	      1.149	      0.706	      0.001	      0.546	      0.002	      0.316	
       1.707	      0.984	      0.744	      0.001	      0.519	      0.002	      0.305	
       0.804	      0.954	      0.694	      0.000	      0.524	      0.002	      0.301	
       0.838	      1.016	      0.703	      0.001	      0.454	      0.002	      0.330	
       0.818	      0.978	      0.629	      0.001	      0.599	      0.004	      0.330	
       0.833	      1.038	      0.621	      0.000	      0.502	      0.005	      0.308	
       0.780	      1.040	      0.591	      0.000	      0.508	      0.003	      0.313	
       0.778	      1.016	      0.586	      0.000	      0.728	      0.003	      0.408	
       0.944	      1.018	      0.660	      0.000	      0.730	      0.002	      0.297	
       0.830	      1.082	      0.592	      0.001	      0.681	      0.003	      0.402	
       0.779	      0.965	      0.581	      0.000	      0.482	      0.001	      0.292	
       0.780	      0.996	      0.577	      0.001	      0.472	      0.002	      0.285	
       0.802	      0.955	      0.682	      0.000	      0.527	      0.002	      0.279	
       0.761	      0.988	      0.584	      0.000	      0.556	      0.002	      0.282	
       0.802	      0.988	      0.617	      0.001	      0.498	      0.001	      0.280	
       0.760	      0.982	      0.572	      0.000	      0.480	      0.001	      0.272	
       0.757	      0.951	      0.583	      0.001	      0.517	      0.001	      0.274	
       0.766	      0.957	      0.585	      0.000	      0.489	      0.001	      0.283	
       0.945	      1.034	      0.650	      0.000	      0.499	      0.002	      0.292	
       1.127	      0.967	      0.579	      0.001	      0.464	      0.002	      0.295	
       0.814	      0.993	      0.686	      0.000	      0.520	      0.002	      0.357	
       0.909	      0.990	      1.242	      0.001	      0.577	      0.003	      0.325	
       0.874	      0.962	      0.852	      0.000	      0.479	      0.002	      0.294	
       0.931	      1.031	      0.710	      0.001	      1.369	      0.002	      0.320	
       0.807	      0.961	      0.862	      0.002	      1.112	      0.002	      0.347	
       0.957	      1.006	      1.088	      0.001	      0.958	      0.002	      0.309	
       0.770	      1.001	      0.687	      0.001	      0.508	      0.002	      0.286	
       1.377	      1.260	      0.946	      0.001	      0.459	      0.002	      0.300	
       0.737	      0.950	      0.585	      0.001	      0.520	      0.002	      0.287	
       1.122	      0.988	      0.971	      0.000	      0.484	      0.002	      0.288	
       0.757	      1.122	      0.642	      0.000	      0.572	      0.002	      0.586	
       1.656	      0.996	      0.744	      0.000	      0.451	      0.002	      0.295	
       0.856	      0.965	      0.622	      0.001	      0.507	      0.002	      0.291	
       0.784	      0.974	      0.579	      0.000	      0.494	      0.002	      0.297	
       0.771	      0.963	      0.714	      0.001	      0.514	      0.001	      0.286	
       0.773	      0.951	      0.679	      0.001	      0.491	      0.002	      0.285	
       0.781	      0.978	      0.619	      0.000	      0.511	      0.002	      0.303	
       0.823	      0.945	      0.687	      0.000	      0.529	      0.002	      0.277	
       0.772	      0.981	      0.608	      0.000	      0.488	      0.002	      0.302	
       0.773	      1.025	      0.677	      0.000	      0.599	      0.006	      0.354	
       0.818	      1.108	      0.804	      0.001	      0.935	      0.003	      0.362	
       0.753	      0.983	      0.691	      0.001	      0.515	      0.001	      0.300	
       0.770	      0.994	      0.692	      0.000	      0.578	      0.002	      0.304	
       0.753	      1.020	      0.689	      0.000	      0.518	      0.002	      0.377	
       1.235	      1.134	      0.765	      0.001	      1.572	      0.002	      0.316	
       0.770	      0.985	      0.883	      0.001	      0.581	      0.002	      0.338	
       0.782	      0.972	      0.686	      0.000	      0.543	      0.001	      0.300	
       0.735	      0.974	      0.577	      0.001	      0.497	      0.001	      0.399	
       0.738	      1.115	      0.744	      0.000	      0.591	      0.002	      0.355	
       1.173	      0.946	      0.712	      0.000	      0.454	      0.002	      0.302	
       1.321	      0.984	      0.792	      0.000	      0.456	      0.002	      0.281	
       0.822	      1.063	      0.616	      0.001	      1.072	      0.004	      0.590	
       0.812	      1.096	      0.680	      0.001	      0.735	      0.002	      0.321	
       0.879	      1.131	      0.723	      0.000	      0.532	      0.002	      0.332	
       0.991	      0.958	      0.597	      0.001	      0.491	      0.002	      0.294	
       0.764	      1.004	      0.700	      0.000	      0.535	      0.001	      0.335	
       0.787	      1.254	      0.757	      0.000	      0.863	      0.002	      0.380	
       0.770	      0.963	      0.576	      0.000	      0.479	      0.002	      0.291	
       0.770	      0.998	      0.586	      0.000	      0.480	      0.002	      0.383	
       0.753	      0.955	      0.687	      0.000	      0.509	      0.001	      0.287	
       0.780	      0.947	      0.582	      0.000	      0.488	      0.002	      0.280	
       0.765	      1.012	      0.602	      0.000	      0.535	      0.001	      0.287	
       0.799	      0.992	      0.678	      0.000	      0.509	      0.002	      0.330	
       0.831	      0.975	      0.585	      0.001	      0.719	      0.003	      0.321	
       1.069	      1.176	      0.737	      0.001	      1.008	      0.003	      0.362	
       0.774	      0.942	      0.726	      0.000	      0.521	      0.002	      0.278	
       0.845	      1.001	      1.143	      0.001	      0.756	      0.002	      0.309	
       0.783	      0.954	      0.679	      0.001	      0.508	      0.001	      0.288	
       0.756	      0.968	      0.700	      0.000	      0.531	      0.002	      0.288	
       0.782	      1.026	      0.694	      0.000	      0.558	      0.001	      0.296	
       0.761	      0.965	      0.582	      0.000	      0.528	      0.001	      0.283	
       0.766	      1.021	      0.580	      0.000	      0.470	      0.002	      0.291	
       0.784	      0.963	      0.584	      0.001	      0.519	      0.002	      0.349	
 